
0	-1.565893e+03	5.631636e+00	-1.560261e+03	-9.649399e-18
1	-1.565893e+03	5.631016e+00	-1.560262e+03	-8.297231e-07
2	-1.565889e+03	5.627228e+00	-1.560262e+03	-8.320387e-07
3	-1.565881e+03	5.618938e+00	-1.560262e+03	-8.362044e-07
4	-1.565868e+03	5.606071e+00	-1.560262e+03	-8.421626e-07
5	-1.565851e+03	5.588524e+00	-1.560262e+03	-8.498063e-07
6	-1.565828e+03	5.566163e+00	-1.560262e+03	-8.590083e-07
7	-1.565801e+03	5.538829e+00	-1.560262e+03	-8.696155e-07
8	-1.565769e+03	5.506342e+00	-1.560262e+03	-8.814387e-07
9	-1.565731e+03	5.468501e+00	-1.560262e+03	-8.942260e-07
10	-1.565687e+03	5.425096e+00	-1.560262e+03	-9.076809e-07
11	-1.565638e+03	5.375910e+00	-1.560262e+03	-9.213233e-07
12	-1.565583e+03	5.320732e+00	-1.560262e+03	-9.349444e-07
13	-1.565522e+03	5.259359e+00	-1.560262e+03	-9.480728e-07
14	-1.565454e+03	5.191614e+00	-1.560262e+03	-9.600419e-07
15	-1.565380e+03	5.117353e+00	-1.560262e+03	-9.703684e-07
16	-1.565299e+03	5.036478e+00	-1.560262e+03	-9.784799e-07
17	-1.565211e+03	4.948954e+00	-1.560262e+03	-9.835777e-07
18	-1.565117e+03	4.854819e+00	-1.560262e+03	-9.850675e-07
19	-1.565017e+03	4.754202e+00	-1.560262e+03	-9.824201e-07
20	-1.564910e+03	4.647334e+00	-1.560262e+03	-9.747020e-07
21	-1.564797e+03	4.534563e+00	-1.560262e+03	-9.619323e-07
22	-1.564679e+03	4.416363e+00	-1.560262e+03	-9.433285e-07
23	-1.564556e+03	4.293343e+00	-1.560262e+03	-9.187449e-07
24	-1.564429e+03	4.166248e+00	-1.560262e+03	-8.881497e-07
25	-1.564298e+03	4.035961e+00	-1.560262e+03	-8.516387e-07
26	-1.564166e+03	3.903496e+00	-1.560262e+03	-8.093868e-07
27	-1.564032e+03	3.769983e+00	-1.560262e+03	-7.631362e-07
28	-1.563899e+03	3.636644e+00	-1.560262e+03	-7.136062e-07
29	-1.563767e+03	3.504776e+00	-1.560262e+03	-6.634254e-07
30	-1.563638e+03	3.375714e+00	-1.560262e+03	-6.099743e-07
31	-1.563513e+03	3.250795e+00	-1.560262e+03	-5.591620e-07
32	-1.563393e+03	3.131319e+00	-1.560262e+03	-5.106572e-07
33	-1.563280e+03	3.018521e+00	-1.560262e+03	-4.665225e-07
34	-1.563175e+03	2.913527e+00	-1.560262e+03	-4.274053e-07
35	-1.563079e+03	2.817323e+00	-1.560261e+03	-3.952804e-07
36	-1.562992e+03	2.730729e+00	-1.560261e+03	-3.723647e-07
37	-1.562916e+03	2.654374e+00	-1.560261e+03	-3.553592e-07
38	-1.562850e+03	2.588683e+00	-1.560261e+03	-3.466844e-07
39	-1.562795e+03	2.533884e+00	-1.560261e+03	-3.447933e-07
40	-1.562751e+03	2.490001e+00	-1.560261e+03	-3.520579e-07
41	-1.562718e+03	2.456860e+00	-1.560261e+03	-3.686977e-07
42	-1.562696e+03	2.434123e+00	-1.560261e+03	-3.892848e-07
43	-1.562683e+03	2.421291e+00	-1.560262e+03	-4.156227e-07
44	-1.562679e+03	2.417724e+00	-1.560262e+03	-4.455724e-07
45	-1.562684e+03	2.422685e+00	-1.560262e+03	-4.784189e-07
46	-1.562697e+03	2.435353e+00	-1.560262e+03	-5.136587e-07
47	-1.562717e+03	2.454855e+00	-1.560262e+03	-5.498663e-07
48	-1.562742e+03	2.480288e+00	-1.560262e+03	-5.867130e-07
49	-1.562773e+03	2.510729e+00	-1.560262e+03	-6.234503e-07
50	-1.562807e+03	2.545256e+00	-1.560262e+03	-6.580032e-07
51	-1.562845e+03	2.582965e+00	-1.560262e+03	-6.930255e-07
52	-1.562885e+03	2.622988e+00	-1.560262e+03	-7.249290e-07
53	-1.562927e+03	2.664494e+00	-1.560262e+03	-7.563544e-07
54	-1.562969e+03	2.706700e+00	-1.560262e+03	-7.837071e-07
55	-1.563011e+03	2.748898e+00	-1.560262e+03	-8.073005e-07
56	-1.563053e+03	2.790437e+00	-1.560262e+03	-8.297099e-07
57	-1.563093e+03	2.830724e+00	-1.560262e+03	-8.470663e-07
58	-1.563131e+03	2.869252e+00	-1.560262e+03	-8.597695e-07
59	-1.563168e+03	2.905583e+00	-1.560262e+03	-8.731166e-07
60	-1.563202e+03	2.939354e+00	-1.560262e+03	-8.858359e-07
61	-1.563233e+03	2.970291e+00	-1.560262e+03	-8.924357e-07
62	-1.563260e+03	2.998184e+00	-1.560262e+03	-8.954273e-07
63	-1.563285e+03	3.022908e+00	-1.560262e+03	-8.961905e-07
64	-1.563307e+03	3.044421e+00	-1.560262e+03	-8.936684e-07
65	-1.563325e+03	3.062750e+00	-1.560262e+03	-8.891854e-07
66	-1.563340e+03	3.078004e+00	-1.560262e+03	-8.824040e-07
67	-1.563353e+03	3.090360e+00	-1.560262e+03	-8.720336e-07
68	-1.563362e+03	3.100064e+00	-1.560262e+03	-8.575777e-07
69	-1.563370e+03	3.107419e+00	-1.560262e+03	-8.437116e-07
70	-1.563375e+03	3.112781e+00	-1.560262e+03	-8.248115e-07
71	-1.563379e+03	3.116551e+00	-1.560262e+03	-8.053708e-07
72	-1.563381e+03	3.119157e+00	-1.560262e+03	-7.858686e-07
73	-1.563383e+03	3.121048e+00	-1.560262e+03	-7.668140e-07
74	-1.563385e+03	3.122694e+00	-1.560262e+03	-7.477725e-07
75	-1.563387e+03	3.124561e+00	-1.560262e+03	-7.290228e-07
76	-1.563389e+03	3.127093e+00	-1.560262e+03	-7.120818e-07
77	-1.563393e+03	3.130709e+00	-1.560262e+03	-6.955364e-07
78	-1.563398e+03	3.135796e+00	-1.560262e+03	-6.824547e-07
79	-1.563405e+03	3.142686e+00	-1.560262e+03	-6.705410e-07
80	-1.563414e+03	3.151674e+00	-1.560262e+03	-6.624946e-07
81	-1.563425e+03	3.162994e+00	-1.560262e+03	-6.543705e-07
82	-1.563439e+03	3.176801e+00	-1.560262e+03	-6.477624e-07
83	-1.563455e+03	3.193213e+00	-1.560262e+03	-6.500404e-07
84	-1.563474e+03	3.212284e+00	-1.560262e+03	-6.474091e-07
85	-1.563496e+03	3.234018e+00	-1.560262e+03	-6.526874e-07
86	-1.563520e+03	3.258382e+00	-1.560262e+03	-6.549178e-07
87	-1.563547e+03	3.285308e+00	-1.560262e+03	-6.630674e-07
88	-1.563577e+03	3.314702e+00	-1.560262e+03	-6.645495e-07
89	-1.563608e+03	3.346434e+00	-1.560262e+03	-6.723659e-07
90	-1.563642e+03	3.380372e+00	-1.560262e+03	-6.752634e-07
91	-1.563678e+03	3.416390e+00	-1.560262e+03	-6.814505e-07
92	-1.563716e+03	3.454361e+00	-1.560262e+03	-6.890181e-07
93	-1.563756e+03	3.494177e+00	-1.560262e+03	-6.922670e-07
94	-1.563798e+03	3.535726e+00	-1.560262e+03	-6.930192e-07
95	-1.563841e+03	3.578909e+00	-1.560262e+03	-6.982856e-07
96	-1.563886e+03	3.623651e+00	-1.560262e+03	-7.000628e-07
97	-1.563932e+03	3.669897e+00	-1.560262e+03	-7.025899e-07
98	-1.563980e+03	3.717606e+00	-1.560262e+03	-7.075356e-07
99	-1.564029e+03	3.766746e+00	-1.560262e+03	-7.100924e-07
100	-1.564079e+03	3.817280e+00	-1.560262e+03	-7.115552e-07
101	-1.564131e+03	3.869174e+00	-1.560262e+03	-7.103735e-07
102	-1.564184e+03	3.922413e+00	-1.560262e+03	-7.134028e-07
103	-1.564239e+03	3.976964e+00	-1.560262e+03	-7.134760e-07
104	-1.564295e+03	4.032787e+00	-1.560262e+03	-7.131136e-07
105	-1.564352e+03	4.089857e+00	-1.560262e+03	-7.179184e-07
106	-1.564410e+03	4.148123e+00	-1.560262e+03	-7.161084e-07
107	-1.564470e+03	4.207521e+00	-1.560262e+03	-7.188769e-07
108	-1.564530e+03	4.267990e+00	-1.560262e+03	-7.212116e-07
109	-1.564591e+03	4.329489e+00	-1.560262e+03	-7.242597e-07
110	-1.564654e+03	4.391971e+00	-1.560262e+03	-7.262858e-07
111	-1.564717e+03	4.455379e+00	-1.560262e+03	-7.265880e-07
112	-1.564782e+03	4.519660e+00	-1.560262e+03	-7.261984e-07
113	-1.564847e+03	4.584779e+00	-1.560262e+03	-7.292820e-07
114	-1.564913e+03	4.650714e+00	-1.560262e+03	-7.306098e-07
115	-1.564979e+03	4.717458e+00	-1.560262e+03	-7.339581e-07
116	-1.565047e+03	4.785005e+00	-1.560262e+03	-7.333610e-07
117	-1.565115e+03	4.853369e+00	-1.560262e+03	-7.367049e-07
118	-1.565185e+03	4.922606e+00	-1.560262e+03	-7.368687e-07
119	-1.565255e+03	4.992755e+00	-1.560262e+03	-7.363376e-07
120	-1.565326e+03	5.063866e+00	-1.560262e+03	-7.316237e-07
121	-1.565398e+03	5.135989e+00	-1.560262e+03	-7.321318e-07
122	-1.565471e+03	5.209181e+00	-1.560262e+03	-7.265126e-07
123	-1.565546e+03	5.283510e+00	-1.560262e+03	-7.206249e-07
124	-1.565621e+03	5.359044e+00	-1.560262e+03	-7.134285e-07
125	-1.565698e+03	5.435848e+00	-1.560262e+03	-7.110703e-07
126	-1.565776e+03	5.513984e+00	-1.560262e+03	-7.075023e-07
127	-1.565856e+03	5.593534e+00	-1.560262e+03	-7.030900e-07
128	-1.565937e+03	5.674564e+00	-1.560262e+03	-7.005070e-07
129	-1.566019e+03	5.757144e+00	-1.560262e+03	-6.961645e-07
130	-1.566103e+03	5.841338e+00	-1.560262e+03	-6.896265e-07
131	-1.566189e+03	5.927189e+00	-1.560262e+03	-6.906362e-07
132	-1.566277e+03	6.014725e+00	-1.560262e+03	-6.853584e-07
133	-1.566366e+03	6.103972e+00	-1.560262e+03	-6.887115e-07
134	-1.566457e+03	6.194953e+00	-1.560262e+03	-6.883343e-07
135	-1.566550e+03	6.287672e+00	-1.560262e+03	-6.902218e-07
136	-1.566644e+03	6.382151e+00	-1.560262e+03	-6.932193e-07
137	-1.566740e+03	6.478437e+00	-1.560262e+03	-6.962347e-07
138	-1.566839e+03	6.576560e+00	-1.560262e+03	-6.978690e-07
139	-1.566939e+03	6.676544e+00	-1.560262e+03	-7.000852e-07
140	-1.567040e+03	6.778427e+00	-1.560262e+03	-7.034488e-07
141	-1.567144e+03	6.882270e+00	-1.560262e+03	-6.954355e-07
142	-1.567250e+03	6.988149e+00	-1.560262e+03	-6.933732e-07
143	-1.567358e+03	7.096145e+00	-1.560262e+03	-6.883234e-07
144	-1.567468e+03	7.206393e+00	-1.560262e+03	-6.825757e-07
145	-1.567581e+03	7.319027e+00	-1.560262e+03	-6.773052e-07
146	-1.567696e+03	7.434188e+00	-1.560262e+03	-6.709348e-07
147	-1.567814e+03	7.552041e+00	-1.560262e+03	-6.638966e-07
148	-1.567935e+03	7.672763e+00	-1.560262e+03	-6.609843e-07
149	-1.568058e+03	7.796568e+00	-1.560262e+03	-6.525076e-07
150	-1.568186e+03	7.923701e+00	-1.560262e+03	-6.425886e-07
151	-1.568316e+03	8.054431e+00	-1.560262e+03	-6.274058e-07
152	-1.568451e+03	8.189021e+00	-1.560262e+03	-6.196849e-07
153	-1.568590e+03	8.327738e+00	-1.560262e+03	-6.081121e-07
154	-1.568733e+03	8.470846e+00	-1.560262e+03	-5.977192e-07
155	-1.568880e+03	8.618617e+00	-1.560262e+03	-5.971573e-07
156	-1.569033e+03	8.771307e+00	-1.560262e+03	-5.897063e-07
157	-1.569191e+03	8.929151e+00	-1.560262e+03	-5.831648e-07
158	-1.569354e+03	9.092386e+00	-1.560262e+03	-5.751803e-07
159	-1.569523e+03	9.261204e+00	-1.560262e+03	-5.678806e-07
160	-1.569698e+03	9.435780e+00	-1.560262e+03	-5.658470e-07
161	-1.569878e+03	9.616276e+00	-1.560262e+03	-5.637120e-07
162	-1.570065e+03	9.802790e+00	-1.560262e+03	-5.613436e-07
163	-1.570257e+03	9.995399e+00	-1.560262e+03	-5.640806e-07
164	-1.570456e+03	1.019415e+01	-1.560262e+03	-5.658674e-07
165	-1.570661e+03	1.039908e+01	-1.560262e+03	-5.650193e-07
166	-1.570872e+03	1.061017e+01	-1.560262e+03	-5.651749e-07
167	-1.571089e+03	1.082741e+01	-1.560262e+03	-5.643732e-07
168	-1.571312e+03	1.105070e+01	-1.560262e+03	-5.705921e-07
169	-1.571542e+03	1.127995e+01	-1.560262e+03	-5.815278e-07
170	-1.571777e+03	1.151507e+01	-1.560262e+03	-5.929194e-07
171	-1.572018e+03	1.175592e+01	-1.560262e+03	-6.001273e-07
172	-1.572264e+03	1.200236e+01	-1.560262e+03	-6.082382e-07
173	-1.572516e+03	1.225426e+01	-1.560262e+03	-6.152518e-07
174	-1.572773e+03	1.251148e+01	-1.560262e+03	-6.304411e-07
175	-1.573036e+03	1.277385e+01	-1.560262e+03	-6.450210e-07
176	-1.573303e+03	1.304123e+01	-1.560262e+03	-6.613937e-07
177	-1.573575e+03	1.331348e+01	-1.560262e+03	-6.761054e-07
178	-1.573852e+03	1.359046e+01	-1.560262e+03	-6.884418e-07
179	-1.574134e+03	1.387204e+01	-1.560262e+03	-7.006772e-07
180	-1.574420e+03	1.415813e+01	-1.560262e+03	-7.139788e-07
181	-1.574711e+03	1.444862e+01	-1.560262e+03	-7.251389e-07
182	-1.575005e+03	1.474344e+01	-1.560262e+03	-7.385595e-07
183	-1.575305e+03	1.504257e+01	-1.560262e+03	-7.462639e-07
184	-1.575608e+03	1.534597e+01	-1.560262e+03	-7.506380e-07
185	-1.575916e+03	1.565365e+01	-1.560262e+03	-7.497753e-07
186	-1.576228e+03	1.596564e+01	-1.560262e+03	-7.533027e-07
187	-1.576544e+03	1.628199e+01	-1.560262e+03	-7.585394e-07
188	-1.576865e+03	1.660278e+01	-1.560262e+03	-7.557770e-07
189	-1.577190e+03	1.692812e+01	-1.560262e+03	-7.611987e-07
190	-1.577520e+03	1.725810e+01	-1.560262e+03	-7.603324e-07
191	-1.577855e+03	1.759281e+01	-1.560262e+03	-7.664226e-07
192	-1.578194e+03	1.793238e+01	-1.560262e+03	-7.678271e-07
193	-1.578539e+03	1.827693e+01	-1.560262e+03	-7.717639e-07
194	-1.578889e+03	1.862657e+01	-1.560262e+03	-7.709737e-07
195	-1.579244e+03	1.898142e+01	-1.560262e+03	-7.765903e-07
196	-1.579604e+03	1.934157e+01	-1.560262e+03	-7.824687e-07
197	-1.579969e+03	1.970710e+01	-1.560262e+03	-7.893840e-07
198	-1.580340e+03	2.007804e+01	-1.560262e+03	-7.974474e-07
199	-1.580717e+03	2.045446e+01	-1.560262e+03	-8.082692e-07
200	-1.581099e+03	2.083642e+01	-1.560262e+03	-8.195559e-07
201	-1.581486e+03	2.122397e+01	-1.560262e+03	-8.267631e-07
202	-1.581879e+03	2.161717e+01	-1.560262e+03	-8.336146e-07
203	-1.582278e+03	2.201611e+01	-1.560262e+03	-8.387730e-07
204	-1.582683e+03	2.242089e+01	-1.560262e+03	-8.459945e-07
205	-1.583094e+03	2.283163e+01	-1.560262e+03	-8.496047e-07
206	-1.583511e+03	2.324845e+01	-1.560262e+03	-8.507055e-07
207	-1.583934e+03	2.367152e+01	-1.560262e+03	-8.546424e-07
208	-1.584363e+03	2.410096e+01	-1.560262e+03	-8.581435e-07
209	-1.584799e+03	2.453695e+01	-1.560262e+03	-8.645596e-07
210	-1.585242e+03	2.497968e+01	-1.560262e+03	-8.738709e-07
211	-1.585692e+03	2.542933e+01	-1.560262e+03	-8.804535e-07
212	-1.586148e+03	2.588606e+01	-1.560262e+03	-8.863130e-07
213	-1.586612e+03	2.635007e+01	-1.560262e+03	-8.924519e-07
214	-1.587084e+03	2.682155e+01	-1.560262e+03	-8.950457e-07
215	-1.587563e+03	2.730069e+01	-1.560262e+03	-9.025908e-07
216	-1.588050e+03	2.778766e+01	-1.560262e+03	-9.092279e-07
217	-1.588545e+03	2.828266e+01	-1.560262e+03	-9.163232e-07
218	-1.589048e+03	2.878585e+01	-1.560262e+03	-9.267227e-07
219	-1.589560e+03	2.929743e+01	-1.560262e+03	-9.301832e-07
220	-1.590080e+03	2.981759e+01	-1.560262e+03	-9.375497e-07
221	-1.590609e+03	3.034648e+01	-1.560262e+03	-9.514208e-07
222	-1.591147e+03	3.088423e+01	-1.560262e+03	-9.658558e-07
223	-1.591693e+03	3.143093e+01	-1.560262e+03	-9.818435e-07
224	-1.592249e+03	3.198658e+01	-1.560262e+03	-1.003101e-06
225	-1.592814e+03	3.255111e+01	-1.560262e+03	-1.028832e-06
226	-1.593387e+03	3.312438e+01	-1.560263e+03	-1.058127e-06
227	-1.593969e+03	3.370610e+01	-1.560263e+03	-1.092207e-06
228	-1.594559e+03	3.429593e+01	-1.560263e+03	-1.126607e-06
229	-1.595156e+03	3.489350e+01	-1.560263e+03	-1.165603e-06
230	-1.595761e+03	3.549839e+01	-1.560263e+03	-1.210691e-06
231	-1.596373e+03	3.611018e+01	-1.560263e+03	-1.249103e-06
232	-1.596991e+03	3.672854e+01	-1.560263e+03	-1.275456e-06
233	-1.597616e+03	3.735319e+01	-1.560263e+03	-1.302556e-06
234	-1.598247e+03	3.798401e+01	-1.560263e+03	-1.324467e-06
235	-1.598884e+03	3.862101e+01	-1.560263e+03	-1.339857e-06
236	-1.599527e+03	3.926432e+01	-1.560263e+03	-1.348168e-06
237	-1.600177e+03	3.991429e+01	-1.560263e+03	-1.350463e-06
238	-1.600834e+03	4.057139e+01	-1.560263e+03	-1.355850e-06
239	-1.601499e+03	4.123619e+01	-1.560263e+03	-1.355441e-06
240	-1.602172e+03	4.190931e+01	-1.560263e+03	-1.355690e-06
241	-1.602854e+03	4.259140e+01	-1.560263e+03	-1.362668e-06
242	-1.603546e+03	4.328306e+01	-1.560263e+03	-1.370936e-06
243	-1.604248e+03	4.398466e+01	-1.560263e+03	-1.390397e-06
244	-1.604959e+03	4.469638e+01	-1.560263e+03	-1.424458e-06
245	-1.605681e+03	4.541801e+01	-1.560263e+03	-1.474661e-06
246	-1.606412e+03	4.614896e+01	-1.560263e+03	-1.559297e-06
247	-1.607152e+03	4.688803e+01	-1.560263e+03	-1.667549e-06
248	-1.607897e+03	4.763344e+01	-1.560264e+03	-1.803067e-06
249	-1.608647e+03	4.838273e+01	-1.560264e+03	-1.967238e-06
250	-1.609397e+03	4.913290e+01	-1.560264e+03	-2.153377e-06
251	-1.610145e+03	4.988040e+01	-1.560265e+03	-2.352875e-06
252	-1.610886e+03	5.062133e+01	-1.560265e+03	-2.558246e-06
253	-1.611617e+03	5.135170e+01	-1.560265e+03	-2.752600e-06
254	-1.612333e+03	5.206773e+01	-1.560265e+03	-2.933413e-06
255	-1.613032e+03	5.276617e+01	-1.560266e+03	-3.083306e-06
256	-1.613710e+03	5.344461e+01	-1.560266e+03	-3.185206e-06
257	-1.614368e+03	5.410178e+01	-1.560266e+03	-3.232720e-06
258	-1.615004e+03	5.473779e+01	-1.560266e+03	-3.235854e-06
259	-1.615620e+03	5.535404e+01	-1.560266e+03	-3.172313e-06
260	-1.616219e+03	5.595335e+01	-1.560266e+03	-3.038365e-06
261	-1.616805e+03	5.653973e+01	-1.560265e+03	-2.893587e-06
262	-1.617383e+03	5.711793e+01	-1.560265e+03	-2.722355e-06
263	-1.617958e+03	5.769312e+01	-1.560265e+03	-2.573703e-06
264	-1.618535e+03	5.827031e+01	-1.560265e+03	-2.433903e-06
265	-1.619118e+03	5.885379e+01	-1.560265e+03	-2.335267e-06
266	-1.619711e+03	5.944679e+01	-1.560264e+03	-2.314712e-06
267	-1.620316e+03	6.005117e+01	-1.560265e+03	-2.351149e-06
268	-1.620932e+03	6.066745e+01	-1.560265e+03	-2.452744e-06
269	-1.621560e+03	6.129495e+01	-1.560265e+03	-2.559809e-06
270	-1.622197e+03	6.193211e+01	-1.560265e+03	-2.670902e-06
271	-1.622842e+03	6.257682e+01	-1.560265e+03	-2.839687e-06
272	-1.623492e+03	6.322677e+01	-1.560266e+03	-3.001084e-06
273	-1.624146e+03	6.387986e+01	-1.560266e+03	-3.121981e-06
274	-1.624800e+03	6.453430e+01	-1.560266e+03	-3.233295e-06
275	-1.625455e+03	6.518880e+01	-1.560266e+03	-3.296778e-06
276	-1.626109e+03	6.584268e+01	-1.560266e+03	-3.363153e-06
277	-1.626762e+03	6.649561e+01	-1.560266e+03	-3.406478e-06
278	-1.627414e+03	6.714757e+01	-1.560266e+03	-3.475894e-06
279	-1.628065e+03	6.779864e+01	-1.560266e+03	-3.544617e-06
280	-1.628715e+03	6.844888e+01	-1.560267e+03	-3.618702e-06
281	-1.629365e+03	6.909815e+01	-1.560267e+03	-3.730775e-06
282	-1.630013e+03	6.974576e+01	-1.560267e+03	-3.835071e-06
283	-1.630657e+03	7.039032e+01	-1.560267e+03	-3.983944e-06
284	-1.631297e+03	7.102978e+01	-1.560267e+03	-4.178177e-06
285	-1.631929e+03	7.166156e+01	-1.560268e+03	-4.405098e-06
286	-1.632551e+03	7.228267e+01	-1.560268e+03	-4.601903e-06
287	-1.633158e+03	7.288986e+01	-1.560268e+03	-4.844343e-06
288	-1.633749e+03	7.348004e+01	-1.560269e+03	-5.065323e-06
289	-1.634319e+03	7.405031e+01	-1.560269e+03	-5.257232e-06
290	-1.634868e+03	7.459824e+01	-1.560269e+03	-5.451133e-06
291	-1.635392e+03	7.512248e+01	-1.560270e+03	-5.588498e-06
292	-1.635892e+03	7.562274e+01	-1.560270e+03	-5.673146e-06
293	-1.636369e+03	7.609964e+01	-1.560270e+03	-5.756147e-06
294	-1.636824e+03	7.655433e+01	-1.560270e+03	-5.784875e-06
295	-1.637258e+03	7.698824e+01	-1.560270e+03	-5.822800e-06
296	-1.637673e+03	7.740273e+01	-1.560270e+03	-5.921674e-06
297	-1.638069e+03	7.779877e+01	-1.560270e+03	-6.032883e-06
298	-1.638447e+03	7.817642e+01	-1.560271e+03	-6.214404e-06
299	-1.638805e+03	7.853460e+01	-1.560271e+03	-6.413272e-06
300	-1.639143e+03	7.887147e+01	-1.560271e+03	-6.674670e-06
301	-1.639456e+03	7.918458e+01	-1.560272e+03	-6.936651e-06
302	-1.639743e+03	7.947126e+01	-1.560272e+03	-7.165282e-06
303	-1.640002e+03	7.972917e+01	-1.560272e+03	-7.384825e-06
304	-1.640229e+03	7.995646e+01	-1.560273e+03	-7.554316e-06
305	-1.640425e+03	8.015203e+01	-1.560273e+03	-7.702498e-06
306	-1.640588e+03	8.031522e+01	-1.560273e+03	-7.849362e-06
307	-1.640719e+03	8.044534e+01	-1.560273e+03	-8.030661e-06
308	-1.640815e+03	8.054168e+01	-1.560274e+03	-8.195859e-06
309	-1.640877e+03	8.060351e+01	-1.560274e+03	-8.382015e-06
310	-1.640904e+03	8.063002e+01	-1.560274e+03	-8.545150e-06
311	-1.640895e+03	8.062061e+01	-1.560274e+03	-8.710985e-06
312	-1.640850e+03	8.057543e+01	-1.560275e+03	-8.823462e-06
313	-1.640770e+03	8.049573e+01	-1.560275e+03	-8.888960e-06
314	-1.640659e+03	8.038421e+01	-1.560275e+03	-8.893299e-06
315	-1.640520e+03	8.024510e+01	-1.560275e+03	-8.831089e-06
316	-1.640359e+03	8.008439e+01	-1.560274e+03	-8.672016e-06
317	-1.640184e+03	7.991012e+01	-1.560274e+03	-8.433973e-06
318	-1.640006e+03	7.973232e+01	-1.560274e+03	-8.110015e-06
319	-1.639836e+03	7.956276e+01	-1.560273e+03	-7.759341e-06
320	-1.639687e+03	7.941438e+01	-1.560272e+03	-7.394789e-06
321	-1.639572e+03	7.929999e+01	-1.560272e+03	-7.078510e-06
322	-1.639502e+03	7.923060e+01	-1.560272e+03	-6.962971e-06
323	-1.639485e+03	7.921328e+01	-1.560272e+03	-7.043683e-06
324	-1.639522e+03	7.924975e+01	-1.560272e+03	-7.361235e-06
325	-1.639609e+03	7.933605e+01	-1.560273e+03	-7.860070e-06
326	-1.639737e+03	7.946338e+01	-1.560274e+03	-8.465023e-06
327	-1.639895e+03	7.962014e+01	-1.560275e+03	-9.087444e-06
328	-1.640070e+03	7.979401e+01	-1.560276e+03	-9.651816e-06
329	-1.640250e+03	7.997374e+01	-1.560277e+03	-1.012808e-05
330	-1.640427e+03	8.015003e+01	-1.560277e+03	-1.051879e-05
331	-1.640593e+03	8.031551e+01	-1.560278e+03	-1.081694e-05
332	-1.640743e+03	8.046439e+01	-1.560278e+03	-1.106820e-05
333	-1.640871e+03	8.059202e+01	-1.560279e+03	-1.133490e-05
334	-1.640973e+03	8.069430e+01	-1.560279e+03	-1.160887e-05
335	-1.641047e+03	8.076775e+01	-1.560279e+03	-1.187793e-05
336	-1.641089e+03	8.080965e+01	-1.560280e+03	-1.206776e-05
337	-1.641098e+03	8.081832e+01	-1.560280e+03	-1.225388e-05
338	-1.641074e+03	8.079358e+01	-1.560280e+03	-1.234420e-05
339	-1.641018e+03	8.073755e+01	-1.560280e+03	-1.232842e-05
340	-1.640935e+03	8.065501e+01	-1.560280e+03	-1.220322e-05
341	-1.640833e+03	8.055350e+01	-1.560280e+03	-1.199295e-05
342	-1.640722e+03	8.044290e+01	-1.560279e+03	-1.174387e-05
343	-1.640613e+03	8.033442e+01	-1.560279e+03	-1.147413e-05
344	-1.640517e+03	8.023874e+01	-1.560279e+03	-1.130125e-05
345	-1.640443e+03	8.016428e+01	-1.560278e+03	-1.129054e-05
346	-1.640394e+03	8.011548e+01	-1.560279e+03	-1.148658e-05
347	-1.640371e+03	8.009159e+01	-1.560279e+03	-1.191338e-05
348	-1.640367e+03	8.008662e+01	-1.560280e+03	-1.249316e-05
349	-1.640372e+03	8.009064e+01	-1.560281e+03	-1.314486e-05
350	-1.640375e+03	8.009228e+01	-1.560282e+03	-1.374788e-05
351	-1.640365e+03	8.008171e+01	-1.560283e+03	-1.411256e-05
352	-1.640337e+03	8.005381e+01	-1.560283e+03	-1.414556e-05
353	-1.640293e+03	8.001064e+01	-1.560282e+03	-1.383234e-05
354	-1.640243e+03	7.996193e+01	-1.560282e+03	-1.324232e-05
355	-1.640204e+03	7.992413e+01	-1.560280e+03	-1.245682e-05
356	-1.640197e+03	7.991821e+01	-1.560279e+03	-1.163300e-05
357	-1.640244e+03	7.996640e+01	-1.560278e+03	-1.085995e-05
358	-1.640366e+03	8.008882e+01	-1.560277e+03	-1.028109e-05
359	-1.640577e+03	8.030085e+01	-1.560276e+03	-9.985880e-06
360	-1.640888e+03	8.061143e+01	-1.560276e+03	-9.999438e-06
361	-1.641299e+03	8.102198e+01	-1.560277e+03	-1.029603e-05
362	-1.641804e+03	8.152615e+01	-1.560278e+03	-1.093373e-05
363	-1.642390e+03	8.211032e+01	-1.560279e+03	-1.179041e-05
364	-1.643035e+03	8.275456e+01	-1.560281e+03	-1.284722e-05
365	-1.643717e+03	8.343399e+01	-1.560283e+03	-1.403959e-05
366	-1.644405e+03	8.412057e+01	-1.560285e+03	-1.526127e-05
367	-1.645071e+03	8.478479e+01	-1.560287e+03	-1.648690e-05
368	-1.645686e+03	8.539751e+01	-1.560288e+03	-1.761768e-05
369	-1.646221e+03	8.593142e+01	-1.560290e+03	-1.864069e-05
370	-1.646654e+03	8.636220e+01	-1.560291e+03	-1.950941e-05
371	-1.646962e+03	8.666971e+01	-1.560292e+03	-2.016834e-05
372	-1.647132e+03	8.683901e+01	-1.560293e+03	-2.060539e-05
373	-1.647155e+03	8.686131e+01	-1.560293e+03	-2.081571e-05
374	-1.647028e+03	8.673465e+01	-1.560293e+03	-2.066541e-05
375	-1.646758e+03	8.646521e+01	-1.560292e+03	-2.019668e-05
376	-1.646359e+03	8.606818e+01	-1.560291e+03	-1.931560e-05
377	-1.645857e+03	8.556805e+01	-1.560289e+03	-1.808485e-05
378	-1.645285e+03	8.499845e+01	-1.560287e+03	-1.651843e-05
379	-1.644685e+03	8.440073e+01	-1.560284e+03	-1.472015e-05
380	-1.644103e+03	8.382161e+01	-1.560281e+03	-1.285520e-05
381	-1.643588e+03	8.330996e+01	-1.560278e+03	-1.105972e-05
382	-1.643189e+03	8.291284e+01	-1.560276e+03	-9.476557e-06
383	-1.642945e+03	8.267151e+01	-1.560274e+03	-8.298097e-06
384	-1.642891e+03	8.261782e+01	-1.560273e+03	-7.607233e-06
385	-1.643044e+03	8.277125e+01	-1.560273e+03	-7.487978e-06
386	-1.643410e+03	8.313616e+01	-1.560273e+03	-8.059679e-06
387	-1.643976e+03	8.370046e+01	-1.560275e+03	-9.302685e-06
388	-1.644714e+03	8.443566e+01	-1.560278e+03	-1.117044e-05
389	-1.645581e+03	8.529859e+01	-1.560282e+03	-1.349309e-05
390	-1.646521e+03	8.623547e+01	-1.560286e+03	-1.603619e-05
391	-1.647477e+03	8.718737e+01	-1.560290e+03	-1.848392e-05
392	-1.648390e+03	8.809667e+01	-1.560293e+03	-2.060210e-05
393	-1.649209e+03	8.891334e+01	-1.560296e+03	-2.222591e-05
394	-1.649896e+03	8.959906e+01	-1.560297e+03	-2.327036e-05
395	-1.650427e+03	9.012892e+01	-1.560298e+03	-2.376183e-05
396	-1.650788e+03	9.049034e+01	-1.560298e+03	-2.388699e-05
397	-1.650978e+03	9.068033e+01	-1.560298e+03	-2.376072e-05
398	-1.651000e+03	9.070260e+01	-1.560298e+03	-2.348046e-05
399	-1.650863e+03	9.056580e+01	-1.560297e+03	-2.301917e-05
400	-1.650579e+03	9.028311e+01	-1.560296e+03	-2.237073e-05
401	-1.650167e+03	8.987288e+01	-1.560294e+03	-2.148565e-05
402	-1.649652e+03	8.935922e+01	-1.560293e+03	-2.038699e-05
403	-1.649062e+03	8.877150e+01	-1.560291e+03	-1.913413e-05
404	-1.648432e+03	8.814284e+01	-1.560289e+03	-1.782065e-05
405	-1.647795e+03	8.750811e+01	-1.560287e+03	-1.654684e-05
406	-1.647187e+03	8.690175e+01	-1.560285e+03	-1.538064e-05
407	-1.646639e+03	8.635506e+01	-1.560283e+03	-1.445904e-05
408	-1.646176e+03	8.589363e+01	-1.560283e+03	-1.388285e-05
409	-1.645817e+03	8.553449e+01	-1.560282e+03	-1.378940e-05
410	-1.645566e+03	8.528251e+01	-1.560283e+03	-1.431368e-05
411	-1.645413e+03	8.512804e+01	-1.560285e+03	-1.545740e-05
412	-1.645334e+03	8.504671e+01	-1.560288e+03	-1.708063e-05
413	-1.645293e+03	8.500214e+01	-1.560290e+03	-1.898030e-05
414	-1.645245e+03	8.495170e+01	-1.560293e+03	-2.082016e-05
415	-1.645150e+03	8.485416e+01	-1.560296e+03	-2.229326e-05
416	-1.644974e+03	8.467721e+01	-1.560297e+03	-2.314586e-05
417	-1.644700e+03	8.440290e+01	-1.560297e+03	-2.329958e-05
418	-1.644326e+03	8.402982e+01	-1.560296e+03	-2.277138e-05
419	-1.643867e+03	8.357251e+01	-1.560295e+03	-2.171664e-05
420	-1.643351e+03	8.305842e+01	-1.560293e+03	-2.032453e-05
421	-1.642814e+03	8.252342e+01	-1.560290e+03	-1.879544e-05
422	-1.642295e+03	8.200708e+01	-1.560288e+03	-1.731431e-05
423	-1.641834e+03	8.154784e+01	-1.560286e+03	-1.606364e-05
424	-1.641463e+03	8.117825e+01	-1.560285e+03	-1.523087e-05
425	-1.641205e+03	8.092079e+01	-1.560284e+03	-1.493655e-05
426	-1.641069e+03	8.078442e+01	-1.560285e+03	-1.528415e-05
427	-1.641049e+03	8.076273e+01	-1.560286e+03	-1.623288e-05
428	-1.641123e+03	8.083442e+01	-1.560289e+03	-1.770586e-05
429	-1.641257e+03	8.096598e+01	-1.560291e+03	-1.949111e-05
430	-1.641410e+03	8.111615e+01	-1.560294e+03	-2.130634e-05
431	-1.641538e+03	8.124164e+01	-1.560297e+03	-2.293769e-05
432	-1.641602e+03	8.130377e+01	-1.560299e+03	-2.414102e-05
433	-1.641574e+03	8.127436e+01	-1.560299e+03	-2.470155e-05
434	-1.641440e+03	8.114058e+01	-1.560299e+03	-2.446797e-05
435	-1.641205e+03	8.090796e+01	-1.560297e+03	-2.343894e-05
436	-1.640895e+03	8.060064e+01	-1.560295e+03	-2.173260e-05
437	-1.640549e+03	8.025790e+01	-1.560292e+03	-1.964983e-05
438	-1.640216e+03	7.992730e+01	-1.560288e+03	-1.759600e-05
439	-1.639942e+03	7.965584e+01	-1.560286e+03	-1.595849e-05
440	-1.639765e+03	7.948048e+01	-1.560284e+03	-1.505098e-05
441	-1.639705e+03	7.942112e+01	-1.560284e+03	-1.495882e-05
442	-1.639764e+03	7.947842e+01	-1.560285e+03	-1.552644e-05
443	-1.639923e+03	7.963628e+01	-1.560287e+03	-1.653841e-05
444	-1.640156e+03	7.986738e+01	-1.560289e+03	-1.774157e-05
445	-1.640431e+03	8.014054e+01	-1.560290e+03	-1.881216e-05
446	-1.640718e+03	8.042699e+01	-1.560291e+03	-1.959720e-05
447	-1.640996e+03	8.070432e+01	-1.560292e+03	-2.005372e-05
448	-1.641251e+03	8.095866e+01	-1.560292e+03	-2.013555e-05
449	-1.641477e+03	8.118506e+01	-1.560292e+03	-1.985908e-05
450	-1.641677e+03	8.138591e+01	-1.560291e+03	-1.939388e-05
451	-1.641859e+03	8.156890e+01	-1.560290e+03	-1.882815e-05
452	-1.642034e+03	8.174407e+01	-1.560289e+03	-1.833661e-05
453	-1.642209e+03	8.192026e+01	-1.560289e+03	-1.801473e-05
454	-1.642391e+03	8.210216e+01	-1.560289e+03	-1.801626e-05
455	-1.642578e+03	8.228827e+01	-1.560289e+03	-1.833306e-05
456	-1.642760e+03	8.246981e+01	-1.560290e+03	-1.892625e-05
457	-1.642923e+03	8.263140e+01	-1.560292e+03	-1.975307e-05
458	-1.643046e+03	8.275315e+01	-1.560293e+03	-2.067317e-05
459	-1.643108e+03	8.281356e+01	-1.560295e+03	-2.156617e-05
460	-1.643089e+03	8.279296e+01	-1.560296e+03	-2.224485e-05
461	-1.642973e+03	8.267680e+01	-1.560296e+03	-2.261450e-05
462	-1.642754e+03	8.245830e+01	-1.560296e+03	-2.262694e-05
463	-1.642435e+03	8.213975e+01	-1.560296e+03	-2.226643e-05
464	-1.642027e+03	8.173253e+01	-1.560295e+03	-2.160424e-05
465	-1.641549e+03	8.125629e+01	-1.560293e+03	-2.068840e-05
466	-1.641028e+03	8.073701e+01	-1.560291e+03	-1.961633e-05
467	-1.640494e+03	8.020445e+01	-1.560290e+03	-1.847139e-05
468	-1.639978e+03	7.968996e+01	-1.560288e+03	-1.737845e-05
469	-1.639511e+03	7.922448e+01	-1.560286e+03	-1.635482e-05
470	-1.639122e+03	7.883696e+01	-1.560285e+03	-1.548302e-05
471	-1.638837e+03	7.855296e+01	-1.560284e+03	-1.473705e-05
472	-1.638677e+03	7.839357e+01	-1.560283e+03	-1.419166e-05
473	-1.638657e+03	7.837442e+01	-1.560283e+03	-1.391383e-05
474	-1.638787e+03	7.850392e+01	-1.560283e+03	-1.402248e-05
475	-1.639065e+03	7.878157e+01	-1.560284e+03	-1.449944e-05
476	-1.639482e+03	7.919646e+01	-1.560285e+03	-1.549275e-05
477	-1.640014e+03	7.972672e+01	-1.560287e+03	-1.685586e-05
478	-1.640631e+03	8.034089e+01	-1.560290e+03	-1.847034e-05
479	-1.641293e+03	8.100092e+01	-1.560292e+03	-2.013811e-05
480	-1.641961e+03	8.166681e+01	-1.560295e+03	-2.164240e-05
481	-1.642598e+03	8.230125e+01	-1.560297e+03	-2.288577e-05
482	-1.643171e+03	8.287343e+01	-1.560298e+03	-2.374973e-05
483	-1.643660e+03	8.336125e+01	-1.560299e+03	-2.419428e-05
484	-1.644050e+03	8.375161e+01	-1.560299e+03	-2.433078e-05
485	-1.644338e+03	8.403912e+01	-1.560299e+03	-2.425778e-05
486	-1.644522e+03	8.422401e+01	-1.560298e+03	-2.408144e-05
487	-1.644608e+03	8.430988e+01	-1.560298e+03	-2.387893e-05
488	-1.644600e+03	8.430168e+01	-1.560298e+03	-2.368531e-05
489	-1.644502e+03	8.420437e+01	-1.560298e+03	-2.352982e-05
490	-1.644320e+03	8.402243e+01	-1.560297e+03	-2.340452e-05
491	-1.644057e+03	8.376022e+01	-1.560297e+03	-2.329271e-05
492	-1.643719e+03	8.342230e+01	-1.560297e+03	-2.316723e-05
493	-1.643311e+03	8.301393e+01	-1.560297e+03	-2.303996e-05
494	-1.642838e+03	8.254119e+01	-1.560297e+03	-2.289488e-05
495	-1.642307e+03	8.201096e+01	-1.560296e+03	-2.273919e-05
496	-1.641727e+03	8.143093e+01	-1.560296e+03	-2.254730e-05
497	-1.641106e+03	8.081028e+01	-1.560296e+03	-2.222888e-05
498	-1.640456e+03	8.016142e+01	-1.560295e+03	-2.168298e-05
499	-1.639795e+03	7.950170e+01	-1.560294e+03	-2.092293e-05
500	-1.639146e+03	7.885445e+01	-1.560292e+03	-1.991092e-05
501	-1.638539e+03	7.824883e+01	-1.560290e+03	-1.872044e-05
502	-1.638006e+03	7.771730e+01	-1.560288e+03	-1.755501e-05
503	-1.637578e+03	7.729161e+01	-1.560287e+03	-1.659777e-05
504	-1.637285e+03	7.699889e+01	-1.560286e+03	-1.590996e-05
505	-1.637144e+03	7.685888e+01	-1.560285e+03	-1.555023e-05
506	-1.637168e+03	7.688293e+01	-1.560285e+03	-1.552844e-05
507	-1.637360e+03	7.707406e+01	-1.560285e+03	-1.577668e-05
508	-1.637713e+03	7.742687e+01	-1.560286e+03	-1.635045e-05
509	-1.638215e+03	7.792723e+01	-1.560288e+03	-1.727943e-05
510	-1.638842e+03	7.855159e+01	-1.560290e+03	-1.862179e-05
511	-1.639560e+03	7.926738e+01	-1.560292e+03	-2.025091e-05
512	-1.640330e+03	8.003522e+01	-1.560295e+03	-2.197576e-05
513	-1.641111e+03	8.081304e+01	-1.560298e+03	-2.355542e-05
514	-1.641862e+03	8.156197e+01	-1.560300e+03	-2.478800e-05
515	-1.642552e+03	8.225172e+01	-1.560301e+03	-2.542862e-05
516	-1.643165e+03	8.286405e+01	-1.560301e+03	-2.551462e-05
517	-1.643694e+03	8.339415e+01	-1.560300e+03	-2.510362e-05
518	-1.644148e+03	8.384925e+01	-1.560299e+03	-2.433406e-05
519	-1.644542e+03	8.424424e+01	-1.560298e+03	-2.347634e-05
520	-1.644892e+03	8.459600e+01	-1.560296e+03	-2.281168e-05
521	-1.645214e+03	8.491766e+01	-1.560296e+03	-2.248519e-05
522	-1.645511e+03	8.521478e+01	-1.560296e+03	-2.253632e-05
523	-1.645781e+03	8.548457e+01	-1.560297e+03	-2.291746e-05
524	-1.646015e+03	8.571704e+01	-1.560298e+03	-2.347096e-05
525	-1.646196e+03	8.589788e+01	-1.560298e+03	-2.407218e-05
526	-1.646311e+03	8.601188e+01	-1.560299e+03	-2.461687e-05
527	-1.646346e+03	8.604566e+01	-1.560300e+03	-2.504140e-05
528	-1.646290e+03	8.598920e+01	-1.560300e+03	-2.529424e-05
529	-1.646137e+03	8.583664e+01	-1.560301e+03	-2.541821e-05
530	-1.645887e+03	8.558628e+01	-1.560300e+03	-2.533551e-05
531	-1.645541e+03	8.524037e+01	-1.560300e+03	-2.517613e-05
532	-1.645105e+03	8.480484e+01	-1.560300e+03	-2.490763e-05
533	-1.644589e+03	8.428951e+01	-1.560299e+03	-2.445241e-05
534	-1.644007e+03	8.370859e+01	-1.560298e+03	-2.380637e-05
535	-1.643378e+03	8.308135e+01	-1.560297e+03	-2.294375e-05
536	-1.642728e+03	8.243271e+01	-1.560295e+03	-2.186470e-05
537	-1.642086e+03	8.179289e+01	-1.560293e+03	-2.060184e-05
538	-1.641487e+03	8.119592e+01	-1.560291e+03	-1.928533e-05
539	-1.640966e+03	8.067728e+01	-1.560289e+03	-1.802967e-05
540	-1.640558e+03	8.027095e+01	-1.560287e+03	-1.697614e-05
541	-1.640292e+03	8.000618e+01	-1.560286e+03	-1.619722e-05
542	-1.640190e+03	7.990472e+01	-1.560286e+03	-1.579838e-05
543	-1.640264e+03	7.997884e+01	-1.560286e+03	-1.578886e-05
544	-1.640517e+03	8.023036e+01	-1.560286e+03	-1.620476e-05
545	-1.640938e+03	8.065017e+01	-1.560288e+03	-1.708861e-05
546	-1.641508e+03	8.121837e+01	-1.560290e+03	-1.836109e-05
547	-1.642198e+03	8.190559e+01	-1.560292e+03	-1.994533e-05
548	-1.642970e+03	8.267520e+01	-1.560295e+03	-2.167393e-05
549	-1.643784e+03	8.348665e+01	-1.560297e+03	-2.339652e-05
550	-1.644599e+03	8.429963e+01	-1.560300e+03	-2.493828e-05
551	-1.645380e+03	8.507829e+01	-1.560302e+03	-2.617098e-05
552	-1.646097e+03	8.579401e+01	-1.560303e+03	-2.704649e-05
553	-1.646730e+03	8.642624e+01	-1.560304e+03	-2.761400e-05
554	-1.647266e+03	8.696182e+01	-1.560305e+03	-2.798403e-05
555	-1.647698e+03	8.739293e+01	-1.560305e+03	-2.821798e-05
556	-1.648020e+03	8.771533e+01	-1.560305e+03	-2.837510e-05
557	-1.648233e+03	8.792759e+01	-1.560305e+03	-2.840474e-05
558	-1.648336e+03	8.803135e+01	-1.560305e+03	-2.824763e-05
559	-1.648336e+03	8.803198e+01	-1.560304e+03	-2.790948e-05
560	-1.648243e+03	8.793904e+01	-1.560304e+03	-2.741304e-05
561	-1.648068e+03	8.776566e+01	-1.560303e+03	-2.688918e-05
562	-1.647829e+03	8.752667e+01	-1.560302e+03	-2.632282e-05
563	-1.647538e+03	8.723662e+01	-1.560301e+03	-2.579814e-05
564	-1.647209e+03	8.690817e+01	-1.560301e+03	-2.540859e-05
565	-1.646851e+03	8.655135e+01	-1.560300e+03	-2.512143e-05
566	-1.646473e+03	8.617360e+01	-1.560300e+03	-2.491274e-05
567	-1.646080e+03	8.578016e+01	-1.560300e+03	-2.477432e-05
568	-1.645674e+03	8.537445e+01	-1.560299e+03	-2.471476e-05
569	-1.645258e+03	8.495832e+01	-1.560300e+03	-2.477447e-05
570	-1.644832e+03	8.453185e+01	-1.560300e+03	-2.489050e-05
571	-1.644394e+03	8.409353e+01	-1.560300e+03	-2.506682e-05
572	-1.643942e+03	8.364148e+01	-1.560300e+03	-2.521043e-05
573	-1.643476e+03	8.317548e+01	-1.560300e+03	-2.514684e-05
574	-1.643000e+03	8.270009e+01	-1.560300e+03	-2.476385e-05
575	-1.642526e+03	8.222773e+01	-1.560298e+03	-2.396370e-05
576	-1.642077e+03	8.178055e+01	-1.560296e+03	-2.277984e-05
577	-1.641683e+03	8.138882e+01	-1.560294e+03	-2.142102e-05
578	-1.641378e+03	8.108560e+01	-1.560292e+03	-2.025438e-05
579	-1.641190e+03	8.089812e+01	-1.560292e+03	-1.969661e-05
580	-1.641131e+03	8.083878e+01	-1.560292e+03	-1.999017e-05
581	-1.641194e+03	8.089988e+01	-1.560294e+03	-2.107830e-05
582	-1.641351e+03	8.105454e+01	-1.560296e+03	-2.275061e-05
583	-1.641563e+03	8.126348e+01	-1.560299e+03	-2.449578e-05
584	-1.641786e+03	8.148480e+01	-1.560301e+03	-2.594098e-05
585	-1.641985e+03	8.168244e+01	-1.560303e+03	-2.694696e-05
586	-1.642135e+03	8.183138e+01	-1.560304e+03	-2.738770e-05
587	-1.642223e+03	8.191938e+01	-1.560304e+03	-2.738755e-05
588	-1.642249e+03	8.194597e+01	-1.560303e+03	-2.703251e-05
589	-1.642222e+03	8.192028e+01	-1.560302e+03	-2.644751e-05
590	-1.642159e+03	8.185777e+01	-1.560301e+03	-2.570146e-05
591	-1.642077e+03	8.177725e+01	-1.560300e+03	-2.497348e-05
592	-1.641997e+03	8.169827e+01	-1.560299e+03	-2.434845e-05
593	-1.641937e+03	8.163936e+01	-1.560298e+03	-2.381820e-05
594	-1.641914e+03	8.161712e+01	-1.560297e+03	-2.336679e-05
595	-1.641943e+03	8.164617e+01	-1.560297e+03	-2.297196e-05
596	-1.642036e+03	8.173960e+01	-1.560296e+03	-2.263644e-05
597	-1.642205e+03	8.190922e+01	-1.560296e+03	-2.233123e-05
598	-1.642461e+03	8.216527e+01	-1.560295e+03	-2.211116e-05
599	-1.642810e+03	8.251519e+01	-1.560295e+03	-2.206294e-05
600	-1.643258e+03	8.296212e+01	-1.560296e+03	-2.223714e-05
601	-1.643800e+03	8.350352e+01	-1.560296e+03	-2.264272e-05
602	-1.644428e+03	8.413052e+01	-1.560297e+03	-2.333459e-05
603	-1.645127e+03	8.482776e+01	-1.560299e+03	-2.426471e-05
604	-1.645874e+03	8.557368e+01	-1.560300e+03	-2.533784e-05
605	-1.646644e+03	8.634177e+01	-1.560302e+03	-2.655555e-05
606	-1.647407e+03	8.710231e+01	-1.560304e+03	-2.781028e-05
607	-1.648131e+03	8.782476e+01	-1.560306e+03	-2.894422e-05
608	-1.648789e+03	8.848156e+01	-1.560307e+03	-2.973863e-05
609	-1.649361e+03	8.905299e+01	-1.560308e+03	-2.999392e-05
610	-1.649839e+03	8.953194e+01	-1.560307e+03	-2.957391e-05
611	-1.650232e+03	8.992647e+01	-1.560305e+03	-2.853332e-05
612	-1.650562e+03	9.025918e+01	-1.560303e+03	-2.702684e-05
613	-1.650863e+03	9.056279e+01	-1.560301e+03	-2.539687e-05
614	-1.651171e+03	9.087284e+01	-1.560298e+03	-2.403012e-05
615	-1.651516e+03	9.121892e+01	-1.560297e+03	-2.320035e-05
616	-1.651914e+03	9.161715e+01	-1.560297e+03	-2.311127e-05
617	-1.652364e+03	9.206607e+01	-1.560298e+03	-2.381100e-05
618	-1.652846e+03	9.254626e+01	-1.560300e+03	-2.513929e-05
619	-1.653326e+03	9.302358e+01	-1.560303e+03	-2.689286e-05
620	-1.653760e+03	9.345389e+01	-1.560306e+03	-2.882763e-05
621	-1.654097e+03	9.378853e+01	-1.560309e+03	-3.072065e-05
622	-1.654292e+03	9.398023e+01	-1.560311e+03	-3.233477e-05
623	-1.654302e+03	9.398862e+01	-1.560313e+03	-3.348600e-05
624	-1.654099e+03	9.378517e+01	-1.560314e+03	-3.404206e-05
625	-1.653671e+03	9.335720e+01	-1.560314e+03	-3.386156e-05
626	-1.653023e+03	9.271036e+01	-1.560312e+03	-3.291623e-05
627	-1.652179e+03	9.186928e+01	-1.560310e+03	-3.125458e-05
628	-1.651182e+03	9.087614e+01	-1.560306e+03	-2.906982e-05
629	-1.650089e+03	8.978684e+01	-1.560302e+03	-2.654656e-05
630	-1.648963e+03	8.866500e+01	-1.560298e+03	-2.401638e-05
631	-1.647869e+03	8.757437e+01	-1.560295e+03	-2.182348e-05
632	-1.646863e+03	8.657074e+01	-1.560293e+03	-2.029990e-05
633	-1.645986e+03	8.569501e+01	-1.560291e+03	-1.958171e-05
634	-1.645261e+03	8.496938e+01	-1.560292e+03	-1.965322e-05
635	-1.644690e+03	8.439779e+01	-1.560292e+03	-2.024807e-05
636	-1.644264e+03	8.397064e+01	-1.560294e+03	-2.110794e-05
637	-1.643967e+03	8.367181e+01	-1.560295e+03	-2.193118e-05
638	-1.643781e+03	8.348485e+01	-1.560296e+03	-2.251767e-05
639	-1.643694e+03	8.339731e+01	-1.560297e+03	-2.287200e-05
640	-1.643699e+03	8.340166e+01	-1.560297e+03	-2.306936e-05
641	-1.643790e+03	8.349299e+01	-1.560297e+03	-2.327748e-05
642	-1.643963e+03	8.366544e+01	-1.560298e+03	-2.362638e-05
643	-1.644208e+03	8.390929e+01	-1.560299e+03	-2.421616e-05
644	-1.644509e+03	8.420957e+01	-1.560300e+03	-2.500355e-05
645	-1.644848e+03	8.454685e+01	-1.560301e+03	-2.586067e-05
646	-1.645202e+03	8.489969e+01	-1.560303e+03	-2.668143e-05
647	-1.645551e+03	8.524741e+01	-1.560304e+03	-2.735979e-05
648	-1.645877e+03	8.557255e+01	-1.560304e+03	-2.778793e-05
649	-1.646167e+03	8.586276e+01	-1.560305e+03	-2.797405e-05
650	-1.646417e+03	8.611227e+01	-1.560304e+03	-2.783648e-05
651	-1.646626e+03	8.632229e+01	-1.560304e+03	-2.743172e-05
652	-1.646803e+03	8.650065e+01	-1.560303e+03	-2.679734e-05
653	-1.646962e+03	8.666080e+01	-1.560301e+03	-2.593909e-05
654	-1.647121e+03	8.682078e+01	-1.560300e+03	-2.498037e-05
655	-1.647300e+03	8.700142e+01	-1.560298e+03	-2.398810e-05
656	-1.647521e+03	8.722421e+01	-1.560297e+03	-2.304249e-05
657	-1.647805e+03	8.750894e+01	-1.560296e+03	-2.230585e-05
658	-1.648166e+03	8.787085e+01	-1.560295e+03	-2.187233e-05
659	-1.648613e+03	8.831818e+01	-1.560295e+03	-2.180627e-05
660	-1.649146e+03	8.885099e+01	-1.560295e+03	-2.208302e-05
661	-1.649757e+03	8.946085e+01	-1.560296e+03	-2.268257e-05
662	-1.650430e+03	9.013206e+01	-1.560298e+03	-2.349084e-05
663	-1.651143e+03	9.084374e+01	-1.560299e+03	-2.440008e-05
664	-1.651873e+03	9.157224e+01	-1.560300e+03	-2.533950e-05
665	-1.652595e+03	9.229325e+01	-1.560302e+03	-2.621810e-05
666	-1.653286e+03	9.298303e+01	-1.560303e+03	-2.704734e-05
667	-1.653923e+03	9.361881e+01	-1.560304e+03	-2.788996e-05
668	-1.654484e+03	9.417857e+01	-1.560306e+03	-2.869668e-05
669	-1.654948e+03	9.464076e+01	-1.560307e+03	-2.948253e-05
670	-1.655293e+03	9.498482e+01	-1.560308e+03	-3.021081e-05
671	-1.655501e+03	9.519240e+01	-1.560309e+03	-3.079029e-05
672	-1.655559e+03	9.524922e+01	-1.560310e+03	-3.117021e-05
673	-1.655457e+03	9.514706e+01	-1.560310e+03	-3.124705e-05
674	-1.655195e+03	9.488546e+01	-1.560309e+03	-3.098989e-05
675	-1.654781e+03	9.447267e+01	-1.560308e+03	-3.039472e-05
676	-1.654233e+03	9.392584e+01	-1.560307e+03	-2.950715e-05
677	-1.653575e+03	9.326989e+01	-1.560305e+03	-2.835302e-05
678	-1.652839e+03	9.253576e+01	-1.560303e+03	-2.705783e-05
679	-1.652059e+03	9.175836e+01	-1.560301e+03	-2.575583e-05
680	-1.651273e+03	9.097350e+01	-1.560299e+03	-2.449941e-05
681	-1.650513e+03	9.021550e+01	-1.560297e+03	-2.343046e-05
682	-1.649811e+03	8.951485e+01	-1.560296e+03	-2.257088e-05
683	-1.649191e+03	8.889607e+01	-1.560295e+03	-2.198237e-05
684	-1.648671e+03	8.837666e+01	-1.560295e+03	-2.170169e-05
685	-1.648261e+03	8.796657e+01	-1.560295e+03	-2.172212e-05
686	-1.647963e+03	8.766836e+01	-1.560295e+03	-2.194886e-05
687	-1.647774e+03	8.747832e+01	-1.560296e+03	-2.236303e-05
688	-1.647685e+03	8.738833e+01	-1.560296e+03	-2.281127e-05
689	-1.647685e+03	8.738811e+01	-1.560297e+03	-2.320124e-05
690	-1.647765e+03	8.746735e+01	-1.560298e+03	-2.351752e-05
691	-1.647915e+03	8.761711e+01	-1.560298e+03	-2.375159e-05
692	-1.648128e+03	8.782968e+01	-1.560298e+03	-2.394591e-05
693	-1.648396e+03	8.809686e+01	-1.560299e+03	-2.427003e-05
694	-1.648707e+03	8.840749e+01	-1.560300e+03	-2.484812e-05
695	-1.649046e+03	8.874471e+01	-1.560301e+03	-2.577710e-05
696	-1.649387e+03	8.908391e+01	-1.560303e+03	-2.703537e-05
697	-1.649698e+03	8.939274e+01	-1.560305e+03	-2.858176e-05
698	-1.649941e+03	8.963314e+01	-1.560308e+03	-3.020492e-05
699	-1.650076e+03	8.976588e+01	-1.560310e+03	-3.169769e-05
700	-1.650068e+03	8.975647e+01	-1.560312e+03	-3.275446e-05
701	-1.649894e+03	8.958145e+01	-1.560313e+03	-3.315480e-05
702	-1.649546e+03	8.923393e+01	-1.560312e+03	-3.271042e-05
703	-1.649037e+03	8.872732e+01	-1.560310e+03	-3.136520e-05
704	-1.648403e+03	8.809621e+01	-1.560306e+03	-2.922979e-05
705	-1.647697e+03	8.739440e+01	-1.560302e+03	-2.647800e-05
706	-1.646987e+03	8.668978e+01	-1.560297e+03	-2.343319e-05
707	-1.646350e+03	8.605668e+01	-1.560293e+03	-2.047427e-05
708	-1.645856e+03	8.556683e+01	-1.560289e+03	-1.799964e-05
709	-1.645567e+03	8.528053e+01	-1.560286e+03	-1.626594e-05
710	-1.645525e+03	8.523970e+01	-1.560285e+03	-1.544673e-05
711	-1.645749e+03	8.546386e+01	-1.560285e+03	-1.557068e-05
712	-1.646236e+03	8.594947e+01	-1.560287e+03	-1.650021e-05
713	-1.646961e+03	8.667238e+01	-1.560289e+03	-1.806546e-05
714	-1.647885e+03	8.759252e+01	-1.560292e+03	-2.004616e-05
715	-1.648954e+03	8.865894e+01	-1.560295e+03	-2.217403e-05
716	-1.650114e+03	8.981483e+01	-1.560299e+03	-2.432923e-05
717	-1.651304e+03	9.100235e+01	-1.560302e+03	-2.636777e-05
718	-1.652471e+03	9.216638e+01	-1.560305e+03	-2.813300e-05
719	-1.653565e+03	9.325753e+01	-1.560307e+03	-2.958697e-05
720	-1.654543e+03	9.423430e+01	-1.560309e+03	-3.067263e-05
721	-1.655374e+03	9.506400e+01	-1.560310e+03	-3.141098e-05
722	-1.656033e+03	9.572262e+01	-1.560311e+03	-3.187245e-05
723	-1.656505e+03	9.619354e+01	-1.560311e+03	-3.214312e-05
724	-1.656777e+03	9.646585e+01	-1.560311e+03	-3.230992e-05
725	-1.656844e+03	9.653275e+01	-1.560311e+03	-3.242035e-05
726	-1.656702e+03	9.639058e+01	-1.560312e+03	-3.245930e-05
727	-1.656350e+03	9.603878e+01	-1.560311e+03	-3.243965e-05
728	-1.655791e+03	9.548004e+01	-1.560311e+03	-3.228330e-05
729	-1.655032e+03	9.472167e+01	-1.560311e+03	-3.192271e-05
730	-1.654087e+03	9.377749e+01	-1.560310e+03	-3.124215e-05
731	-1.652977e+03	9.266943e+01	-1.560308e+03	-3.021643e-05
732	-1.651735e+03	9.142894e+01	-1.560306e+03	-2.875654e-05
733	-1.650401e+03	9.009767e+01	-1.560303e+03	-2.690729e-05
734	-1.649026e+03	8.872698e+01	-1.560299e+03	-2.468942e-05
735	-1.647672e+03	8.737611e+01	-1.560296e+03	-2.229151e-05
736	-1.646401e+03	8.610870e+01	-1.560292e+03	-1.982938e-05
737	-1.645277e+03	8.498855e+01	-1.560288e+03	-1.755380e-05
738	-1.644360e+03	8.407450e+01	-1.560285e+03	-1.564526e-05
739	-1.643699e+03	8.341549e+01	-1.560283e+03	-1.425748e-05
740	-1.643328e+03	8.304645e+01	-1.560282e+03	-1.350355e-05
741	-1.643267e+03	8.298551e+01	-1.560282e+03	-1.345519e-05
742	-1.643516e+03	8.323297e+01	-1.560283e+03	-1.411796e-05
743	-1.644056e+03	8.377123e+01	-1.560285e+03	-1.541131e-05
744	-1.644854e+03	8.456597e+01	-1.560288e+03	-1.724084e-05
745	-1.645860e+03	8.556842e+01	-1.560291e+03	-1.955467e-05
746	-1.647014e+03	8.671811e+01	-1.560295e+03	-2.218201e-05
747	-1.648246e+03	8.794660e+01	-1.560300e+03	-2.495710e-05
748	-1.649486e+03	8.918141e+01	-1.560304e+03	-2.770974e-05
749	-1.650659e+03	9.035061e+01	-1.560308e+03	-3.023645e-05
750	-1.651699e+03	9.138781e+01	-1.560311e+03	-3.237441e-05
751	-1.652550e+03	9.223626e+01	-1.560314e+03	-3.397349e-05
752	-1.653168e+03	9.285275e+01	-1.560315e+03	-3.493978e-05
753	-1.653526e+03	9.321067e+01	-1.560316e+03	-3.519317e-05
754	-1.653617e+03	9.330182e+01	-1.560315e+03	-3.470504e-05
755	-1.653450e+03	9.313659e+01	-1.560313e+03	-3.354602e-05
756	-1.653053e+03	9.274248e+01	-1.560310e+03	-3.178391e-05
757	-1.652469e+03	9.216142e+01	-1.560307e+03	-2.970557e-05
758	-1.651749e+03	9.144510e+01	-1.560304e+03	-2.743963e-05
759	-1.650950e+03	9.064971e+01	-1.560300e+03	-2.528048e-05
760	-1.650127e+03	8.983013e+01	-1.560297e+03	-2.337418e-05
761	-1.649330e+03	8.903510e+01	-1.560295e+03	-2.186234e-05
762	-1.648597e+03	8.830419e+01	-1.560293e+03	-2.077206e-05
763	-1.647959e+03	8.766637e+01	-1.560292e+03	-2.014479e-05
764	-1.647432e+03	8.714030e+01	-1.560292e+03	-1.985440e-05
765	-1.647028e+03	8.673635e+01	-1.560292e+03	-1.975477e-05
766	-1.646751e+03	8.645932e+01	-1.560292e+03	-1.974897e-05
767	-1.646602e+03	8.631075e+01	-1.560292e+03	-1.977103e-05
768	-1.646582e+03	8.629050e+01	-1.560292e+03	-1.980326e-05
769	-1.646689e+03	8.639702e+01	-1.560292e+03	-1.991513e-05
770	-1.646918e+03	8.662600e+01	-1.560292e+03	-2.019297e-05
771	-1.647261e+03	8.696777e+01	-1.560293e+03	-2.079561e-05
772	-1.647700e+03	8.740482e+01	-1.560295e+03	-2.184237e-05
773	-1.648207e+03	8.791027e+01	-1.560297e+03	-2.322472e-05
774	-1.648748e+03	8.844819e+01	-1.560300e+03	-2.490182e-05
775	-1.649279e+03	8.897645e+01	-1.560302e+03	-2.665505e-05
776	-1.649756e+03	8.945076e+01	-1.560305e+03	-2.833100e-05
777	-1.650136e+03	8.982912e+01	-1.560307e+03	-2.974520e-05
778	-1.650385e+03	9.007611e+01	-1.560309e+03	-3.080537e-05
779	-1.650476e+03	9.016648e+01	-1.560310e+03	-3.133548e-05
780	-1.650397e+03	9.008765e+01	-1.560310e+03	-3.131655e-05
781	-1.650150e+03	8.984174e+01	-1.560309e+03	-3.067789e-05
782	-1.649754e+03	8.944698e+01	-1.560307e+03	-2.940491e-05
783	-1.649241e+03	8.893736e+01	-1.560304e+03	-2.759300e-05
784	-1.648661e+03	8.835985e+01	-1.560301e+03	-2.550937e-05
785	-1.648066e+03	8.776810e+01	-1.560298e+03	-2.353514e-05
786	-1.647509e+03	8.721331e+01	-1.560295e+03	-2.206856e-05
787	-1.647029e+03	8.673429e+01	-1.560294e+03	-2.145426e-05
788	-1.646645e+03	8.635033e+01	-1.560295e+03	-2.170450e-05
789	-1.646357e+03	8.606043e+01	-1.560296e+03	-2.256014e-05
790	-1.646147e+03	8.584903e+01	-1.560298e+03	-2.354309e-05
791	-1.645994e+03	8.569506e+01	-1.560299e+03	-2.435510e-05
792	-1.645880e+03	8.558041e+01	-1.560300e+03	-2.477419e-05
793	-1.645794e+03	8.549376e+01	-1.560300e+03	-2.498474e-05
794	-1.645729e+03	8.542892e+01	-1.560300e+03	-2.516923e-05
795	-1.645681e+03	8.538050e+01	-1.560301e+03	-2.549144e-05
796	-1.645641e+03	8.534005e+01	-1.560301e+03	-2.594202e-05
797	-1.645598e+03	8.529589e+01	-1.560302e+03	-2.646400e-05
798	-1.645539e+03	8.523635e+01	-1.560303e+03	-2.675421e-05
799	-1.645457e+03	8.515505e+01	-1.560302e+03	-2.661437e-05
800	-1.645357e+03	8.505556e+01	-1.560301e+03	-2.592154e-05
801	-1.645253e+03	8.495330e+01	-1.560300e+03	-2.481778e-05
802	-1.645171e+03	8.487368e+01	-1.560297e+03	-2.343947e-05
803	-1.645142e+03	8.484698e+01	-1.560295e+03	-2.213280e-05
804	-1.645195e+03	8.490148e+01	-1.560294e+03	-2.116778e-05
805	-1.645350e+03	8.505676e+01	-1.560293e+03	-2.076022e-05
806	-1.645613e+03	8.531922e+01	-1.560294e+03	-2.099843e-05
807	-1.645975e+03	8.568041e+01	-1.560295e+03	-2.176973e-05
808	-1.646415e+03	8.611875e+01	-1.560297e+03	-2.291925e-05
809	-1.646902e+03	8.660382e+01	-1.560299e+03	-2.418688e-05
810	-1.647402e+03	8.710136e+01	-1.560301e+03	-2.539370e-05
811	-1.647880e+03	8.757789e+01	-1.560302e+03	-2.640665e-05
812	-1.648308e+03	8.800421e+01	-1.560303e+03	-2.721803e-05
813	-1.648661e+03	8.835707e+01	-1.560304e+03	-2.776540e-05
814	-1.648924e+03	8.861904e+01	-1.560305e+03	-2.812231e-05
815	-1.649083e+03	8.877809e+01	-1.560305e+03	-2.830784e-05
816	-1.649132e+03	8.882693e+01	-1.560305e+03	-2.837679e-05
817	-1.649067e+03	8.876241e+01	-1.560305e+03	-2.828914e-05
818	-1.648890e+03	8.858568e+01	-1.560305e+03	-2.802863e-05
819	-1.648607e+03	8.830264e+01	-1.560304e+03	-2.755731e-05
820	-1.648227e+03	8.792447e+01	-1.560303e+03	-2.689414e-05
821	-1.647769e+03	8.746736e+01	-1.560302e+03	-2.608589e-05
822	-1.647252e+03	8.695160e+01	-1.560300e+03	-2.521754e-05
823	-1.646699e+03	8.639965e+01	-1.560299e+03	-2.435979e-05
824	-1.646132e+03	8.583396e+01	-1.560298e+03	-2.361984e-05
825	-1.645572e+03	8.527495e+01	-1.560297e+03	-2.304189e-05
826	-1.645036e+03	8.473999e+01	-1.560296e+03	-2.258213e-05
827	-1.644539e+03	8.424383e+01	-1.560296e+03	-2.218955e-05
828	-1.644095e+03	8.379986e+01	-1.560295e+03	-2.176623e-05
829	-1.643716e+03	8.342185e+01	-1.560294e+03	-2.128978e-05
830	-1.643419e+03	8.312526e+01	-1.560293e+03	-2.075267e-05
831	-1.643219e+03	8.292666e+01	-1.560292e+03	-2.018220e-05
832	-1.643133e+03	8.284167e+01	-1.560292e+03	-1.978660e-05
833	-1.643173e+03	8.288194e+01	-1.560292e+03	-1.966446e-05
834	-1.643344e+03	8.305152e+01	-1.560292e+03	-1.996267e-05
835	-1.643637e+03	8.334416e+01	-1.560293e+03	-2.073827e-05
836	-1.644037e+03	8.374230e+01	-1.560295e+03	-2.193244e-05
837	-1.644516e+03	8.421825e+01	-1.560297e+03	-2.343907e-05
838	-1.645037e+03	8.473719e+01	-1.560300e+03	-2.503863e-05
839	-1.645564e+03	8.526124e+01	-1.560302e+03	-2.654480e-05
840	-1.646058e+03	8.575418e+01	-1.560304e+03	-2.783569e-05
841	-1.646491e+03	8.618531e+01	-1.560306e+03	-2.878408e-05
842	-1.646839e+03	8.653232e+01	-1.560307e+03	-2.934558e-05
843	-1.647090e+03	8.678262e+01	-1.560307e+03	-2.951598e-05
844	-1.647240e+03	8.693311e+01	-1.560307e+03	-2.938356e-05
845	-1.647295e+03	8.698947e+01	-1.560306e+03	-2.892123e-05
846	-1.647270e+03	8.696531e+01	-1.560305e+03	-2.819097e-05
847	-1.647185e+03	8.688128e+01	-1.560303e+03	-2.725144e-05
848	-1.647066e+03	8.676476e+01	-1.560302e+03	-2.603909e-05
849	-1.646949e+03	8.664954e+01	-1.560299e+03	-2.459007e-05
850	-1.646871e+03	8.657458e+01	-1.560297e+03	-2.305616e-05
851	-1.646876e+03	8.658108e+01	-1.560295e+03	-2.156575e-05
852	-1.647001e+03	8.670803e+01	-1.560293e+03	-2.041771e-05
853	-1.647278e+03	8.698600e+01	-1.560292e+03	-1.982958e-05
854	-1.647723e+03	8.743114e+01	-1.560292e+03	-1.999389e-05
855	-1.648335e+03	8.804120e+01	-1.560294e+03	-2.094806e-05
856	-1.649091e+03	8.879460e+01	-1.560296e+03	-2.258346e-05
857	-1.649952e+03	8.965311e+01	-1.560299e+03	-2.465244e-05
858	-1.650870e+03	9.056741e+01	-1.560303e+03	-2.683970e-05
859	-1.651789e+03	9.148341e+01	-1.560306e+03	-2.894150e-05
860	-1.652658e+03	9.234867e+01	-1.560309e+03	-3.074419e-05
861	-1.653428e+03	9.311731e+01	-1.560311e+03	-3.211843e-05
862	-1.654066e+03	9.375339e+01	-1.560312e+03	-3.294412e-05
863	-1.654546e+03	9.423270e+01	-1.560313e+03	-3.332599e-05
864	-1.654855e+03	9.454233e+01	-1.560313e+03	-3.334434e-05
865	-1.654991e+03	9.467809e+01	-1.560313e+03	-3.313775e-05
866	-1.654954e+03	9.464189e+01	-1.560312e+03	-3.279554e-05
867	-1.654751e+03	9.443969e+01	-1.560311e+03	-3.236654e-05
868	-1.654391e+03	9.408093e+01	-1.560310e+03	-3.178852e-05
869	-1.653889e+03	9.358003e+01	-1.560309e+03	-3.094515e-05
870	-1.653265e+03	9.295816e+01	-1.560307e+03	-2.975585e-05
871	-1.652550e+03	9.224520e+01	-1.560305e+03	-2.818118e-05
872	-1.651782e+03	9.148018e+01	-1.560302e+03	-2.626553e-05
873	-1.651008e+03	9.070941e+01	-1.560299e+03	-2.420560e-05
874	-1.650278e+03	8.998248e+01	-1.560296e+03	-2.222195e-05
875	-1.649640e+03	8.934673e+01	-1.560293e+03	-2.056132e-05
876	-1.649133e+03	8.884186e+01	-1.560291e+03	-1.938547e-05
877	-1.648786e+03	8.849608e+01	-1.560290e+03	-1.879246e-05
878	-1.648614e+03	8.832379e+01	-1.560290e+03	-1.874462e-05
879	-1.648617e+03	8.832585e+01	-1.560291e+03	-1.920889e-05
880	-1.648783e+03	8.849106e+01	-1.560292e+03	-2.006614e-05
881	-1.649092e+03	8.879812e+01	-1.560294e+03	-2.124482e-05
882	-1.649514e+03	8.921817e+01	-1.560296e+03	-2.261993e-05
883	-1.650016e+03	8.971721e+01	-1.560298e+03	-2.409103e-05
884	-1.650559e+03	9.025843e+01	-1.560301e+03	-2.556764e-05
885	-1.651108e+03	9.080533e+01	-1.560303e+03	-2.687928e-05
886	-1.651630e+03	9.132548e+01	-1.560304e+03	-2.784704e-05
887	-1.652099e+03	9.179423e+01	-1.560305e+03	-2.834737e-05
888	-1.652503e+03	9.219765e+01	-1.560305e+03	-2.836792e-05
889	-1.652838e+03	9.253343e+01	-1.560304e+03	-2.791472e-05
890	-1.653113e+03	9.280975e+01	-1.560303e+03	-2.710857e-05
891	-1.653344e+03	9.304225e+01	-1.560302e+03	-2.620166e-05
892	-1.653550e+03	9.324978e+01	-1.560300e+03	-2.534290e-05
893	-1.653749e+03	9.344986e+01	-1.560299e+03	-2.472163e-05
894	-1.653954e+03	9.365497e+01	-1.560299e+03	-2.442252e-05
895	-1.654169e+03	9.386999e+01	-1.560299e+03	-2.447443e-05
896	-1.654391e+03	9.409128e+01	-1.560300e+03	-2.484079e-05
897	-1.654608e+03	9.430729e+01	-1.560301e+03	-2.549152e-05
898	-1.654802e+03	9.449992e+01	-1.560302e+03	-2.633817e-05
899	-1.654950e+03	9.464675e+01	-1.560303e+03	-2.726262e-05
900	-1.655028e+03	9.472364e+01	-1.560305e+03	-2.814421e-05
901	-1.655014e+03	9.470801e+01	-1.560306e+03	-2.885463e-05
902	-1.654889e+03	9.458220e+01	-1.560307e+03	-2.923953e-05
903	-1.654643e+03	9.433629e+01	-1.560306e+03	-2.921714e-05
904	-1.654276e+03	9.397013e+01	-1.560306e+03	-2.876164e-05
905	-1.653799e+03	9.349404e+01	-1.560305e+03	-2.796175e-05
906	-1.653231e+03	9.292814e+01	-1.560303e+03	-2.681348e-05
907	-1.652601e+03	9.230018e+01	-1.560301e+03	-2.553655e-05
908	-1.651942e+03	9.164296e+01	-1.560299e+03	-2.414293e-05
909	-1.651289e+03	9.099228e+01	-1.560296e+03	-2.274143e-05
910	-1.650679e+03	9.038518e+01	-1.560294e+03	-2.133000e-05
911	-1.650151e+03	8.985869e+01	-1.560292e+03	-1.997768e-05
912	-1.649739e+03	8.944903e+01	-1.560290e+03	-1.870853e-05
913	-1.649478e+03	8.919015e+01	-1.560288e+03	-1.757431e-05
914	-1.649399e+03	8.911154e+01	-1.560287e+03	-1.672038e-05
915	-1.649522e+03	8.923515e+01	-1.560286e+03	-1.634799e-05
916	-1.649858e+03	8.957135e+01	-1.560287e+03	-1.656203e-05
917	-1.650403e+03	9.011515e+01	-1.560288e+03	-1.744406e-05
918	-1.651135e+03	9.084398e+01	-1.560291e+03	-1.909731e-05
919	-1.652012e+03	9.171796e+01	-1.560294e+03	-2.131796e-05
920	-1.652981e+03	9.268321e+01	-1.560298e+03	-2.380759e-05
921	-1.653980e+03	9.367807e+01	-1.560302e+03	-2.628045e-05
922	-1.654946e+03	9.464094e+01	-1.560305e+03	-2.845853e-05
923	-1.655825e+03	9.551741e+01	-1.560308e+03	-3.006340e-05
924	-1.656575e+03	9.626555e+01	-1.560309e+03	-3.104181e-05
925	-1.657168e+03	9.685829e+01	-1.560310e+03	-3.139056e-05
926	-1.657593e+03	9.728295e+01	-1.560310e+03	-3.123785e-05
927	-1.657848e+03	9.753886e+01	-1.560309e+03	-3.079254e-05
928	-1.657942e+03	9.763359e+01	-1.560308e+03	-3.020213e-05
929	-1.657886e+03	9.757932e+01	-1.560307e+03	-2.955597e-05
930	-1.657696e+03	9.738991e+01	-1.560306e+03	-2.893479e-05
931	-1.657384e+03	9.707915e+01	-1.560305e+03	-2.840339e-05
932	-1.656965e+03	9.666032e+01	-1.560304e+03	-2.793812e-05
933	-1.656450e+03	9.614672e+01	-1.560304e+03	-2.740455e-05
934	-1.655856e+03	9.555288e+01	-1.560303e+03	-2.676265e-05
935	-1.655198e+03	9.489659e+01	-1.560301e+03	-2.591508e-05
936	-1.654500e+03	9.420038e+01	-1.560300e+03	-2.485207e-05
937	-1.653790e+03	9.349256e+01	-1.560298e+03	-2.351366e-05
938	-1.653103e+03	9.280777e+01	-1.560295e+03	-2.187960e-05
939	-1.652478e+03	9.218613e+01	-1.560292e+03	-2.008523e-05
940	-1.651960e+03	9.167073e+01	-1.560289e+03	-1.830946e-05
941	-1.651591e+03	9.130374e+01	-1.560287e+03	-1.677209e-05
942	-1.651407e+03	9.112156e+01	-1.560285e+03	-1.566215e-05
943	-1.651434e+03	9.114989e+01	-1.560285e+03	-1.514768e-05
944	-1.651684e+03	9.139937e+01	-1.560285e+03	-1.536745e-05
945	-1.652149e+03	9.186313e+01	-1.560286e+03	-1.632421e-05
946	-1.652805e+03	9.251647e+01	-1.560289e+03	-1.793745e-05
947	-1.653611e+03	9.331878e+01	-1.560292e+03	-2.001315e-05
948	-1.654513e+03	9.421721e+01	-1.560296e+03	-2.238989e-05
949	-1.655451e+03	9.515115e+01	-1.560300e+03	-2.492885e-05
950	-1.656361e+03	9.605698e+01	-1.560304e+03	-2.743401e-05
951	-1.657180e+03	9.687255e+01	-1.560307e+03	-2.974083e-05
952	-1.657851e+03	9.754072e+01	-1.560310e+03	-3.175668e-05
953	-1.658325e+03	9.801244e+01	-1.560313e+03	-3.335777e-05
954	-1.658564e+03	9.824932e+01	-1.560315e+03	-3.447477e-05
955	-1.658542e+03	9.822646e+01	-1.560315e+03	-3.497819e-05
956	-1.658250e+03	9.793501e+01	-1.560315e+03	-3.478333e-05
957	-1.657698e+03	9.738418e+01	-1.560314e+03	-3.383960e-05
958	-1.656913e+03	9.660169e+01	-1.560311e+03	-3.225400e-05
959	-1.655940e+03	9.563190e+01	-1.560308e+03	-3.019323e-05
960	-1.654835e+03	9.453039e+01	-1.560305e+03	-2.803396e-05
961	-1.653658e+03	9.335608e+01	-1.560302e+03	-2.609279e-05
962	-1.652462e+03	9.216299e+01	-1.560299e+03	-2.470724e-05
963	-1.651292e+03	9.099380e+01	-1.560298e+03	-2.387521e-05
964	-1.650176e+03	8.987824e+01	-1.560298e+03	-2.347548e-05
965	-1.649134e+03	8.883676e+01	-1.560297e+03	-2.315578e-05
966	-1.648183e+03	8.788725e+01	-1.560296e+03	-2.262924e-05
967	-1.647347e+03	8.705190e+01	-1.560295e+03	-2.171782e-05
968	-1.646654e+03	8.636163e+01	-1.560293e+03	-2.031009e-05
969	-1.646146e+03	8.585633e+01	-1.560290e+03	-1.861511e-05
970	-1.645868e+03	8.558056e+01	-1.560287e+03	-1.697749e-05
971	-1.645860e+03	8.557445e+01	-1.560286e+03	-1.600071e-05
972	-1.646148e+03	8.586177e+01	-1.560286e+03	-1.607958e-05
973	-1.646727e+03	8.643928e+01	-1.560288e+03	-1.749941e-05
974	-1.647564e+03	8.727162e+01	-1.560292e+03	-2.009217e-05
975	-1.648592e+03	8.829481e+01	-1.560297e+03	-2.332124e-05
976	-1.649730e+03	8.942791e+01	-1.560302e+03	-2.656548e-05
977	-1.650894e+03	9.058773e+01	-1.560307e+03	-2.931582e-05
978	-1.652011e+03	9.170122e+01	-1.560310e+03	-3.130596e-05
979	-1.653024e+03	9.271235e+01	-1.560312e+03	-3.247074e-05
980	-1.653896e+03	9.358340e+01	-1.560312e+03	-3.300621e-05
981	-1.654606e+03	9.429364e+01	-1.560312e+03	-3.304492e-05
982	-1.655148e+03	9.483625e+01	-1.560312e+03	-3.273276e-05
983	-1.655526e+03	9.521480e+01	-1.560311e+03	-3.212925e-05
984	-1.655750e+03	9.544047e+01	-1.560310e+03	-3.139250e-05
985	-1.655838e+03	9.552941e+01	-1.560309e+03	-3.057705e-05
986	-1.655808e+03	9.550067e+01	-1.560307e+03	-2.972718e-05
987	-1.655681e+03	9.537492e+01	-1.560306e+03	-2.888314e-05
988	-1.655478e+03	9.517352e+01	-1.560305e+03	-2.800583e-05
989	-1.655222e+03	9.491877e+01	-1.560303e+03	-2.704989e-05
990	-1.654936e+03	9.463460e+01	-1.560302e+03	-2.605983e-05
991	-1.654647e+03	9.434697e+01	-1.560300e+03	-2.496728e-05
992	-1.654381e+03	9.408331e+01	-1.560298e+03	-2.381700e-05
993	-1.654168e+03	9.387170e+01	-1.560296e+03	-2.274299e-05
994	-1.654034e+03	9.373883e+01	-1.560295e+03	-2.178605e-05
995	-1.654001e+03	9.370758e+01	-1.560294e+03	-2.105622e-05
996	-1.654088e+03	9.379511e+01	-1.560293e+03	-2.060991e-05
997	-1.654304e+03	9.401127e+01	-1.560293e+03	-2.046544e-05
998	-1.654651e+03	9.435746e+01	-1.560293e+03	-2.071307e-05
999	-1.655120e+03	9.482591e+01	-1.560294e+03	-2.131159e-05
