 -58.261	 -48.067	 -10.690	   0.304	3527.037
 -17.332	 -50.697	  25.515	   0.184	2134.497
  26.611	  20.860	  10.559	   0.066	 760.531
  60.599	  64.850	 -41.428	   0.501	5815.020
 -47.290	  -3.614	  33.293	   0.175	2035.187
 -35.135	 -43.895	  46.205	   0.277	3210.019
   7.836	 -53.132	 -18.903	   0.169	1964.880
  13.222	  41.578	  29.265	   0.144	1672.892
  46.341	  -3.224	 -12.711	   0.121	1405.856
 -10.215	  -6.666	  35.836	   0.075	 868.565
  -7.191	  -3.342	  16.185	   0.017	 196.888
 -55.987	 -20.063	  11.339	   0.191	2221.742
  -1.904	   3.678	 -79.115	   0.328	3804.190
  27.846	  30.731	  -9.250	   0.094	1094.248
 -34.960	 -12.836	  23.150	   0.100	1165.504
  31.810	  13.076	  -6.427	   0.064	 741.970
 -20.963	  35.910	 -41.746	   0.181	2104.273
  -6.930	 -20.973	 -20.327	   0.047	 546.147
  17.604	  35.757	  26.707	   0.120	1395.099
  68.673	  58.299	 -39.609	   0.506	5869.315
   9.425	  53.740	   2.268	   0.156	1807.418
   7.126	  -9.742	 -13.256	   0.017	 194.797
 -35.360	  19.273	 -59.283	   0.268	3113.159
 -35.067	  10.675	  20.209	   0.092	1061.924
   0.905	 -29.953	 -46.562	   0.160	1858.326
  46.047	  40.695	  10.727	   0.203	2358.644
   7.835	  33.855	  26.776	   0.101	1166.446
  -7.475	   9.859	 -10.990	   0.014	 165.986
  11.173	  14.335	  79.909	   0.351	4070.486
   7.518	 -35.295	 -33.595	   0.127	1473.378
   4.656	  16.685	   5.336	   0.017	 199.136
 -33.518	 -23.618	 -18.630	   0.106	1229.379
  36.862	  -3.777	   2.802	   0.072	 837.009
  37.374	 -31.133	  26.853	   0.161	1871.184
 -14.764	  11.607	  -2.974	   0.019	 219.148
   1.605	  57.322	  90.965	   0.604	7008.447
  -0.459	  32.316	  14.210	   0.065	 755.500
  39.644	 -52.390	 -45.908	   0.336	3893.564
 -32.799	 -66.780	  -2.870	   0.290	3360.026
  38.209	  29.000	   9.388	   0.125	1448.042
 -23.164	 -33.212	 -86.392	   0.475	5517.544
 -53.033	  36.029	   7.247	   0.217	2523.293
  29.447	  41.485	  59.944	   0.323	3746.579
 -73.772	 -28.757	  14.750	   0.339	3931.724
   6.950	 -31.480	   8.028	   0.058	 669.012
  53.012	   7.646	  -7.455	   0.153	1772.463
 -15.514	  80.324	  73.822	   0.634	7359.610
 -18.275	  -0.022	 -58.990	   0.199	2311.551
   3.611	   8.496	  37.233	   0.077	 891.898
  11.561	 -43.387	  28.889	   0.149	1727.826
  -2.459	  40.323	 -15.178	   0.097	1128.806
  54.331	  11.680	  17.163	   0.177	2050.339
  59.271	 -39.460	 -77.366	   0.577	6700.922
 -13.845	 -14.876	  -3.418	   0.022	 257.395
 -23.139	  -2.414	  12.126	   0.036	 417.180
  16.291	   2.929	  50.474	   0.147	1710.176
   1.121	 -14.853	 -10.002	   0.017	 195.102
  17.972	  45.709	  21.536	   0.150	1743.260
  40.841	   5.161	  28.634	   0.131	1524.060
   1.401	 -50.392	  43.926	   0.234	2709.813
 -25.455	  36.310	  -8.867	   0.107	1239.471
 -70.957	  45.954	  19.607	   0.393	4564.638
  19.751	 -34.741	  38.096	   0.159	1847.594
  65.901	  31.030	  -7.471	   0.280	3249.742
 -27.877	 -53.543	  -8.649	   0.194	2253.993
   9.313	 -27.882	 -36.295	   0.114	1322.208
  18.422	  42.542	  -6.331	   0.114	1326.955
 -24.167	 -24.171	  33.708	   0.120	1396.786
  33.677	  28.947	  44.190	   0.205	2378.841
 -78.958	 -44.024	 -55.005	   0.585	6787.231
  41.460	 -34.571	  88.328	   0.560	6494.952
  51.922	   1.726	 -79.447	   0.471	5461.509
  26.938	 -82.652	  67.653	   0.634	7354.471
   3.376	 -53.250	  61.202	   0.344	3995.890
 -29.752	  -2.275	  35.078	   0.111	1285.450
  -1.674	  10.630	  30.883	   0.056	 648.271
  64.378	   7.568	  51.778	   0.359	4171.714
  39.326	 -81.350	   1.725	   0.427	4950.327
  24.959	 -10.014	  56.186	   0.203	2351.744
   6.213	-128.532	  75.669	   1.164	13507.024
  17.046	 -81.378	  -4.128	   0.362	4200.331
  -7.979	 -46.833	  73.720	   0.402	4661.963
  -0.695	 -27.249	  22.323	   0.065	 752.355
  36.888	  20.888	   3.969	   0.095	1098.745
  -5.936	  18.928	  38.727	   0.099	1147.549
  -7.168	  59.005	  50.521	   0.318	3688.424
 -44.476	 102.569	   5.441	   0.654	7593.426
  39.331	  -9.817	  18.071	   0.103	1193.946
  -3.666	  29.060	 -11.153	   0.051	 595.397
 -38.272	 -73.219	   6.943	   0.359	4166.330
 -15.427	 -46.880	  17.187	   0.143	1655.358
  24.452	   5.421	  64.437	   0.250	2896.871
  38.576	   8.447	  79.880	   0.415	4812.646
  14.151	  60.065	 -17.851	   0.216	2501.229
 -15.317	  -9.928	  16.051	   0.031	 358.080
 -31.907	  -1.247	  57.775	   0.228	2641.185
 -58.856	 -55.205	  88.056	   0.745	8646.479
  84.502	  49.509	  40.921	   0.588	6828.581
   7.882	 -61.943	 -12.844	   0.212	2463.252
  39.715	  43.048	   8.250	   0.183	2120.438
 -43.475	  73.653	   5.755	   0.384	4453.627
 -37.535	  54.639	  12.003	   0.237	2750.740
  19.606	  47.785	 -22.155	   0.165	1914.509
 -36.132	  38.088	 -11.965	   0.151	1757.369
 -21.096	  41.976	  40.030	   0.199	2308.947
  -1.030	  32.609	 -31.139	   0.106	1232.856
  73.586	  18.285	   8.465	   0.304	3528.063
 -16.718	 -55.378	  80.269	   0.511	5933.446
 -23.890	  12.222	  30.671	   0.087	1006.615
   8.575	  18.297	  -5.736	   0.023	 267.424
  33.713	 -53.524	   8.883	   0.213	2473.133
  33.009	 -17.233	 -24.279	   0.103	1197.723
 -68.683	  -4.854	  67.928	   0.489	5670.282
  18.628	  56.281	 -55.347	   0.344	3986.927
  -5.086	  19.987	 102.116	   0.567	6578.078
  -8.203	 -32.741	   9.924	   0.065	 750.197
  48.385	 -32.301	  -1.540	   0.177	2052.806
 -33.884	  47.045	  13.853	   0.186	2153.658
  -8.367	  -2.368	  55.492	   0.165	1912.283
  -2.183	 -16.934	 -31.708	   0.068	 786.073
  60.451	 -19.042	 -14.989	   0.222	2570.883
 -14.085	 -13.497	  -3.314	   0.020	 237.328
 -16.178	 -72.713	   9.860	   0.295	3422.193
 104.530	  66.426	  -0.636	   0.801	9297.276
  24.076	  28.043	 -10.762	   0.077	 898.211
 -68.879	  -1.612	  41.492	   0.338	3920.615
   0.499	  19.766	 -22.491	   0.047	 543.554
 -27.947	  33.850	  55.061	   0.259	3005.454
  53.743	  17.090	 -71.065	   0.430	4988.638
 -27.687	   2.748	 -24.859	   0.073	 843.744
   0.115	 -34.609	  12.700	   0.071	 823.763
   9.254	  11.255	  55.050	   0.169	1965.521
 -15.371	  -6.209	  -8.122	   0.018	 206.554
  -9.450	  20.806	  46.489	   0.140	1626.439
 -11.400	 -11.229	   1.163	   0.013	 156.011
 -52.348	 -14.368	  17.144	   0.169	1964.200
  48.472	-103.371	  43.224	   0.778	9033.024
   3.689	-102.072	 -29.091	   0.589	6836.042
  -9.155	 -47.521	  53.645	   0.273	3163.837
 -76.975	  25.202	 -36.145	   0.411	4768.154
 -18.292	   6.448	  38.337	   0.096	1118.827
  55.697	  59.430	  -2.107	   0.347	4023.652
 -44.307	 -42.266	 -31.822	   0.249	2886.364
 -36.121	  57.370	 -10.927	   0.246	2858.086
 -54.285	  37.886	  53.525	   0.379	4392.555
   7.346	  41.157	 -19.912	   0.112	1299.722
  32.576	  16.353	   7.171	   0.072	 836.477
  -2.744	 -21.987	  42.493	   0.120	1392.006
  36.591	  -5.171	  -0.045	   0.071	 827.719
 -40.981	  -4.935	  -9.857	   0.094	1091.566
 -72.011	  29.014	   8.598	   0.319	3698.063
  -3.303	 -58.159	  -2.010	   0.177	2059.214
  29.799	  39.295	  27.439	   0.166	1930.422
   6.723	  21.279	  48.287	   0.148	1715.082
  17.591	  44.601	   4.339	   0.121	1404.662
  39.894	  -8.743	 -86.826	   0.481	5580.294
 -36.085	  34.430	 -26.395	   0.166	1930.015
  88.191	  55.842	  99.023	   1.081	12547.343
   9.506	 -59.796	 -16.127	   0.205	2379.602
 -48.427	 -12.611	  -4.933	   0.132	1532.574
 -82.616	   8.023	 -84.073	   0.729	8460.137
 -24.458	 -31.744	  -9.675	   0.089	1030.071
 -23.453	 -65.737	 -17.902	   0.271	3146.854
 -86.835	  54.661	 -50.637	   0.684	7935.248
 -30.628	   5.920	  37.406	   0.124	1437.913
 -18.843	 -19.869	  49.494	   0.167	1939.270
  19.301	  76.857	  29.632	   0.374	4338.318
  98.804	   4.607	 -17.678	   0.527	6119.269
 -59.307	 -37.838	 -52.441	   0.402	4666.475
 -48.008	 -37.260	 -60.387	   0.383	4448.645
  11.896	  -7.384	  40.432	   0.096	1109.665
   9.763	 -24.141	 -45.324	   0.143	1656.136
  53.730	 -39.976	 -49.130	   0.360	4181.359
  76.951	  31.628	 -49.797	   0.491	5698.349
  15.754	   1.253	 -22.406	   0.039	 455.665
  21.534	 -31.856	 -11.871	   0.085	 981.546
  84.375	 -21.446	 -10.498	   0.402	4660.529
   9.285	  24.020	   9.383	   0.039	 455.324
 -24.976	  81.352	 -33.285	   0.436	5060.882
  40.356	   2.670	  -3.629	   0.086	 999.420
 -16.568	  50.608	 -32.814	   0.204	2371.372
 -37.918	  52.682	  -5.106	   0.221	2569.467
  14.545	  32.582	  86.809	   0.460	5339.179
  31.165	 -10.665	   8.430	   0.060	 700.688
  -4.314	  -5.342	 -65.033	   0.223	2591.992
  -1.878	  45.363	 -14.706	   0.119	1380.473
-101.259	  25.230	  31.495	   0.621	7201.676
  12.320	  36.848	  38.322	   0.156	1805.096
  11.706	 -73.337	 -29.626	   0.334	3874.878
 -47.307	  16.489	-105.673	   0.714	8289.468
 -90.130	  17.727	   5.219	   0.442	5130.699
 -52.284	 -33.869	  59.530	   0.388	4500.103
  28.341	 -40.239	 -10.560	   0.132	1535.854
  50.050	  50.580	  53.337	   0.413	4793.192
 -41.230	  19.239	  25.777	   0.143	1657.413
 -57.690	 -29.575	  38.410	   0.297	3441.621
  35.743	 -27.216	  -3.077	   0.106	1229.056
  66.727	  50.513	 -72.046	   0.637	7391.314
  40.529	  26.818	  34.013	   0.184	2132.701
  -7.760	  29.830	 -11.492	   0.057	 655.869
 -19.433	 -87.427	 -39.180	   0.499	5792.120
 -12.167	   7.362	  74.838	   0.303	3517.238
   8.455	  40.733	  19.404	   0.110	1277.213
 -31.013	  53.882	  18.213	   0.219	2543.684
  29.748	 -37.897	  50.982	   0.257	2982.245
  -5.612	  -7.018	  -6.561	   0.006	  75.031
   4.054	  43.303	 -70.235	   0.356	4136.409
 -14.125	  73.647	   9.354	   0.298	3461.446
 -20.022	  41.947	  35.191	   0.178	2060.062
  78.344	 -37.789	 -28.703	   0.438	5085.016
 -18.044	   2.891	   3.601	   0.018	 210.269
  47.963	 -26.116	 -68.343	   0.400	4638.731
  54.850	   5.775	  50.432	   0.292	3385.291
 -30.039	  20.434	 -59.491	   0.254	2945.120
  10.082	  28.950	 -63.751	   0.261	3032.922
 -20.298	  17.529	 -17.623	   0.054	 624.202
  18.971	  69.395	 -12.569	   0.279	3232.749
 -26.930	 -70.993	  58.709	   0.481	5583.479
  30.058	  65.024	 -12.860	   0.277	3210.562
 -38.146	  15.807	 -14.142	   0.099	1154.624
  28.559	 -13.013	  73.274	   0.332	3851.220
  -0.325	 -64.059	 -56.732	   0.382	4438.056
  -0.038	 -36.587	 -17.044	   0.085	 987.424
 -39.501	  31.491	   1.578	   0.133	1548.299
   7.998	 -21.394	 -26.207	   0.063	 732.449
   5.933	 -38.608	  81.015	   0.423	4902.993
   5.166	 -63.738	  -5.794	   0.215	2498.895
 -25.115	  -2.871	   4.492	   0.034	 399.527
  15.447	 -26.449	 -47.118	   0.165	1914.245
  13.836	   7.456	  -6.744	   0.015	 177.294
   9.920	 -45.022	 -29.278	   0.156	1807.793
 -30.726	  28.935	  75.045	   0.387	4493.164
 -52.154	  -0.873	  95.224	   0.616	7145.112
  37.503	 -12.218	  10.747	   0.087	1012.971
  10.916	  49.005	 -14.402	   0.142	1653.500
 -40.157	   3.387	   1.940	   0.085	 986.638
 -28.840	   0.737	   3.945	   0.044	 513.888
  -2.523	   2.182	 -39.725	   0.083	 963.218
 -52.181	   4.606	 -31.540	   0.195	2266.128
  47.307	  33.147	 -17.727	   0.191	2212.870
 -44.324	  -4.971	  -2.357	   0.104	1209.121
   2.929	  73.694	 -21.225	   0.308	3569.891
 -90.088	  -8.700	  23.078	   0.456	5287.786
 -39.256	  73.524	 -29.117	   0.407	4724.352
   6.455	  74.479	   1.029	   0.292	3388.031
  11.994	 -23.892	  19.730	   0.058	 669.100
 -32.133	 -26.182	 -32.213	   0.144	1670.245
  71.406	   5.116	  44.767	   0.372	4320.953
  57.215	 -73.200	  92.842	   0.901	10456.310
 -22.079	 -31.370	   4.248	   0.078	 902.875
 -10.518	  19.995	  29.762	   0.073	 846.231
  10.536	  48.483	 -20.829	   0.151	1754.967
  38.028	 -48.289	  21.322	   0.221	2565.423
 -45.395	 -10.218	  20.006	   0.134	1554.872
 -14.198	  20.192	  30.321	   0.080	 926.556
  33.947	 -55.367	 -45.223	   0.327	3796.088
 -78.126	 -54.945	  53.922	   0.628	7291.587
 -17.418	  61.203	  12.543	   0.220	2549.575
  41.402	  38.946	 -10.629	   0.175	2026.756
  14.374	 -14.925	   6.875	   0.025	 288.881
  49.015	 -30.003	  25.906	   0.208	2408.528
   4.814	  -6.478	  43.955	   0.104	1210.524
 -31.456	  30.862	 -67.682	   0.341	3953.518
  18.971	 -15.097	  26.833	   0.068	 792.699
   7.480	   8.623	 -52.613	   0.151	1756.771
   7.469	  45.106	  69.353	   0.360	4182.247
  -8.472	 -13.135	 -24.807	   0.045	 521.054
 -57.063	  12.849	 -19.134	   0.198	2295.581
  17.806	 -14.254	  57.700	   0.201	2333.209
   2.092	  58.318	  58.764	   0.358	4157.099
  -7.419	 -15.558	  84.726	   0.390	4531.039
  -9.018	 -60.952	 -35.245	   0.263	3054.012
  19.904	   4.412	 -17.956	   0.039	 447.337
  94.446	  26.246	   4.728	   0.503	5837.536
 109.323	   3.351	 147.194	   1.756	20382.630
 -12.205	   9.997	 -85.692	   0.397	4601.648
  83.514	  20.388	  21.632	   0.410	4762.954
  36.014	 -41.685	  29.834	   0.205	2378.822
  34.383	   3.861	 -30.091	   0.110	1274.372
  -4.440	  19.065	  29.464	   0.065	 758.444
  -4.467	 -34.946	   1.504	   0.065	 753.673
  21.511	 119.564	   0.284	   0.771	8945.164
 -30.755	 -53.683	 -23.448	   0.229	2653.285
  61.863	 -52.306	  17.895	   0.360	4171.941
   3.539	  -1.596	  53.267	   0.149	1728.884
 -46.103	 -88.857	 -59.867	   0.711	8246.188
   6.233	   2.999	 -11.688	   0.010	 111.791
   8.584	 -55.987	  64.767	   0.387	4487.027
  69.736	  71.006	  -8.669	   0.521	6048.984
 -40.257	 -72.758	  32.879	   0.418	4846.094
   8.332	   1.394	 -13.335	   0.013	 151.031
  38.766	   7.181	 -14.723	   0.093	1073.495
  41.658	  49.109	 -17.076	   0.232	2690.349
  65.700	 118.819	  36.074	   1.031	11962.031
  56.238	-106.976	 -31.376	   0.814	9449.807
  26.141	  38.066	   9.325	   0.116	1345.153
  61.883	 -29.424	 -12.737	   0.254	2944.151
 -14.950	  74.475	 -68.839	   0.549	6369.541
  73.683	 -20.905	  49.880	   0.436	5063.537
  78.918	 -10.806	  20.869	   0.354	4109.667
  61.080	  18.903	 -89.544	   0.632	7337.646
 111.404	 -15.656	 -63.569	   0.872	10120.159
 -12.088	 -28.573	  64.992	   0.271	3143.538
  10.254	  -2.725	   0.254	   0.006	  68.265
   3.105	  41.265	 -13.471	   0.099	1147.899
  62.962	 -63.019	 -30.269	   0.462	5365.207
  18.641	 -10.208	  16.271	   0.037	 434.242
 -43.052	 -82.783	  -2.741	   0.455	5281.635
  45.948	  59.101	  16.304	   0.307	3557.843
  -0.367	  40.886	  38.969	   0.167	1933.702
  73.641	 -15.408	 -36.028	   0.363	4217.572
  12.461	   6.828	  47.653	   0.129	1498.742
 -11.406	 -37.069	  -0.851	   0.079	 912.164
  11.112	  40.429	   7.783	   0.095	1102.264
 -23.622	 -22.939	  72.010	   0.327	3800.062
  -4.072	 -55.547	 -11.427	   0.169	1959.348
  17.426	  40.068	 -55.586	   0.261	3029.882
  31.362	   6.330	  23.398	   0.082	 952.248
 -70.487	  25.523	   1.838	   0.294	3408.247
  10.936	  62.060	   8.183	   0.211	2447.436
  -0.829	  25.649	 -45.587	   0.143	1658.746
  27.806	  13.372	  -0.198	   0.050	 577.039
 -18.806	 -48.376	  46.365	   0.253	2935.769
   7.245	 -52.768	  20.022	   0.169	1962.502
 -99.921	   0.091	  -0.814	   0.522	6051.975
  13.630	 -48.378	 -45.512	   0.240	2786.592
  -1.002	 -24.179	  18.663	   0.049	 566.074
   1.915	   0.205	  28.256	   0.042	 486.173
  27.657	 -36.078	 -12.162	   0.116	1342.209
 -71.807	 159.342	  -3.378	   1.596	18521.167
  51.604	 -61.946	 -44.211	   0.442	5124.628
 -14.980	 -22.556	  29.816	   0.085	 983.198
 -28.969	   2.710	 -23.417	   0.073	 845.466
  37.927	  18.676	 -45.574	   0.202	2342.129
 -44.875	 -12.773	 -78.847	   0.438	5087.471
 -21.845	 -53.045	 -12.195	   0.180	2084.865
 -62.825	 -29.760	 -25.460	   0.286	3321.954
  85.587	  54.740	 -67.433	   0.777	9012.104
  38.255	  18.532	 -35.039	   0.159	1839.310
  23.200	 -16.848	  21.127	   0.066	 768.803
  -6.860	  -6.972	  22.094	   0.030	 353.844
  49.833	   2.743	 -61.508	   0.328	3802.770
  37.054	 -43.493	 118.264	   0.901	10455.927
 -27.849	  18.432	  42.342	   0.152	1762.662
 -45.235	  13.308	  42.838	   0.212	2459.842
 -39.739	  21.659	 -49.013	   0.232	2697.564
   8.661	   7.376	 -53.083	   0.154	1786.326
  -9.662	 -21.365	 -50.311	   0.161	1867.444
  -1.426	 -23.953	  -1.705	   0.030	 350.748
 -41.475	 -23.395	  -1.423	   0.119	1375.580
  35.869	  58.996	  45.365	   0.356	4136.741
 -43.778	  -2.571	  31.460	   0.152	1765.496
  36.660	   5.697	 -29.535	   0.117	1362.973
  55.410	  18.978	  12.380	   0.187	2172.083
   9.322	  28.063	  39.456	   0.127	1473.590
   7.097	 -17.069	  23.081	   0.046	 529.997
  52.574	 -36.785	  67.326	   0.452	5242.868
 -62.754	 -32.676	 -41.068	   0.350	4056.278
 -15.525	  31.654	 -85.655	   0.448	5200.278
 -34.528	  -6.268	 -63.750	   0.277	3209.658
  12.220	 -29.906	  -1.530	   0.055	 634.027
 -15.747	   2.968	  25.781	   0.048	 558.492
 -51.225	   3.517	 -20.194	   0.159	1845.095
  62.800	  42.127	 -35.705	   0.365	4238.781
  24.445	 -68.191	 -56.755	   0.442	5132.993
  22.934	  11.215	  -4.501	   0.035	 407.310
  47.745	  13.496	 -20.500	   0.151	1746.769
  39.058	 -14.828	  -0.133	   0.091	1057.928
  83.405	   0.415	  -7.355	   0.366	4249.194
-132.693	   5.046	 -27.255	   0.960	11137.773
 104.060	  68.221	 -13.080	   0.818	9487.803
 -66.550	 -21.001	   2.966	   0.255	2957.019
  29.172	 -49.301	 -51.140	   0.308	3574.140
 -16.677	  35.284	 -46.699	   0.193	2244.967
 -61.087	 -33.387	  39.171	   0.333	3867.436
 -49.671	 114.480	 -22.272	   0.839	9739.497
  50.181	 -32.702	   9.983	   0.193	2234.833
  54.035	 -15.266	  47.720	   0.284	3291.164
   6.116	 -42.133	 -15.041	   0.106	1235.759
   5.618	  18.115	 -17.573	   0.035	 405.205
  22.166	  85.058	  58.858	   0.584	6782.605
  28.000	 -75.597	  -0.082	   0.339	3939.090
 -15.157	  58.188	  25.124	   0.222	2573.996
 -46.091	 -47.286	   8.000	   0.231	2681.627
 -40.140	   1.469	   8.812	   0.088	1024.952
  55.746	  52.813	 -37.903	   0.383	4444.872
 108.336	 -45.187	  18.563	   0.738	8560.203
  69.416	  44.153	 -48.845	   0.478	5548.273
  46.968	 -38.528	-100.730	   0.723	8386.694
 -21.399	 -39.220	   6.543	   0.106	1235.839
  18.854	  33.933	  71.194	   0.343	3985.507
  38.659	 -27.618	  13.913	   0.128	1485.494
   1.389	  41.641	  33.018	   0.148	1712.917
  32.560	  69.055	  45.814	   0.414	4805.058
 -22.802	  92.258	  65.332	   0.695	8061.053
 -38.533	 -12.914	 -40.763	   0.173	2008.157
 -68.729	 -47.318	  -5.682	   0.365	4239.729
  32.136	 -13.700	 -30.433	   0.112	1301.067
  -3.640	  61.410	 -71.606	   0.465	5401.602
 -70.350	  58.232	 -47.671	   0.554	6432.335
  -8.030	  62.306	  38.123	   0.282	3272.953
  10.612	 -48.649	  -6.079	   0.131	1525.174
  22.368	 -27.074	  46.721	   0.178	2070.557
   7.010	 -15.658	 -11.931	   0.023	 264.662
  16.784	  31.100	  -8.049	   0.069	 796.236
  -4.150	  -4.449	  40.507	   0.088	1016.939
  10.163	  28.148	  65.027	   0.268	3105.763
  77.302	 -29.946	  52.771	   0.504	5853.229
 -18.844	  76.796	  18.740	   0.345	4002.668
  45.965	   0.984	  81.624	   0.458	5319.343
 -90.457	  63.922	  21.657	   0.665	7720.290
 -19.621	  32.332	 -19.018	   0.094	1086.146
 -45.176	  53.272	  48.541	   0.378	4385.178
 -23.606	  74.370	  61.957	   0.518	6016.705
  10.773	 -49.832	  78.879	   0.461	5346.588
 -66.959	  93.499	 -45.747	   0.800	9284.525
  23.616	 -54.771	  11.638	   0.193	2238.414
 -80.267	  -2.891	 -69.896	   0.592	6871.159
  12.615	  -0.849	  -3.566	   0.009	 104.601
  -8.300	  48.346	  90.519	   0.554	6424.738
 -24.307	 -25.885	 -18.518	   0.084	 972.071
 -61.460	  11.271	  43.016	   0.301	3488.019
  -1.018	  -9.251	 -38.596	   0.082	 955.411
 -70.380	  24.779	  -5.924	   0.293	3395.667
 -53.863	  15.325	 -28.107	   0.205	2379.677
 -29.825	  36.840	  36.053	   0.185	2149.551
 -27.272	  -2.962	  30.165	   0.087	1007.638
 -82.043	 -37.822	   3.057	   0.427	4952.414
  -3.154	 -39.218	   0.775	   0.081	 938.601
  66.135	  21.517	  18.986	   0.271	3150.087
 -47.454	  34.930	 -45.041	   0.287	3334.000
   6.201	  -4.039	  10.534	   0.009	 100.453
 -65.445	  91.597	  31.949	   0.715	8299.944
  21.665	 -38.693	 -24.948	   0.135	1569.196
   6.504	   3.008	 -28.806	   0.046	 534.080
  48.359	  53.842	  34.827	   0.337	3909.650
  11.952	 -87.631	 -16.224	   0.422	4900.484
 -30.580	 -59.688	  10.300	   0.240	2790.444
  25.508	   4.188	  -2.675	   0.035	 409.348
 -19.706	  27.670	  19.587	   0.080	 931.944
   1.007	  21.650	 -15.395	   0.037	 428.357
 -51.021	 -71.419	  29.017	   0.446	5179.734
  41.683	  36.109	  52.341	   0.302	3503.849
  78.112	 -32.830	 -12.672	   0.383	4448.728
  47.444	 -21.517	  92.968	   0.593	6883.545
 -30.986	 -67.659	  -1.939	   0.289	3358.831
 -37.875	  31.666	 -18.653	   0.145	1688.140
  11.211	  36.405	  -8.381	   0.079	 922.056
  36.064	 -19.071	 -11.324	   0.094	1086.459
 -89.851	 -38.239	   0.847	   0.498	5779.977
 -19.724	 -42.085	 -18.144	   0.130	1508.830
 -56.812	  -0.921	  12.083	   0.176	2045.311
  -0.460	 -30.928	  61.478	   0.247	2870.688
 -33.333	   4.750	 -11.703	   0.066	 770.132
  25.484	  27.103	 -69.240	   0.323	3744.670
 -24.659	  -6.246	 -25.356	   0.067	 781.897
   2.698	 -19.828	 -38.028	   0.096	1119.206
  51.497	  -9.294	  66.400	   0.373	4332.051
 -25.446	  -0.108	 -20.215	   0.055	 640.142
 -29.255	  36.660	 -29.881	   0.162	1874.523
 -54.231	  -2.281	  54.458	   0.309	3583.300
  57.340	 -37.901	  40.360	   0.332	3850.800
  50.611	  28.301	  50.401	   0.308	3577.680
   5.564	  42.877	 -21.062	   0.121	1401.915
  -5.722	  15.285	 -40.523	   0.100	1156.734
 -36.244	 -14.706	 -20.255	   0.101	1175.960
  27.316	  32.468	   9.102	   0.098	1141.395
 -38.318	  -8.622	  -9.338	   0.085	 987.835
 -61.541	  -6.511	  23.038	   0.228	2642.899
  26.259	  -2.927	  36.269	   0.105	1220.413
 -35.952	 -37.811	  19.405	   0.162	1878.175
  30.708	 -51.031	  -8.217	   0.189	2190.906
  56.151	   1.383	  32.402	   0.220	2548.544
 -19.294	 -71.343	  -4.542	   0.286	3323.091
 -16.318	   0.732	 -79.506	   0.344	3993.067
 -83.348	  81.384	   7.498	   0.712	8259.094
 -54.399	  18.648	   3.259	   0.173	2010.849
 -14.176	  20.580	  31.359	   0.084	 974.551
 -25.025	  31.587	 -40.668	   0.171	1986.767
  -8.547	 -20.625	 -48.315	   0.148	1716.975
   4.835	 117.989	  77.208	   1.040	12065.104
   9.581	  -5.445	  -5.949	   0.008	  95.068
  75.506	  43.741	   9.494	   0.402	4669.812
 -19.269	  -7.463	   8.724	   0.026	 304.925
  21.307	 -28.321	  40.729	   0.152	1766.782
 -23.718	 -43.074	  -6.622	   0.129	1492.112
   6.864	  31.649	   8.275	   0.058	 677.192
  71.327	  26.176	 -16.784	   0.316	3669.639
 -41.019	 -21.701	 -45.511	   0.221	2560.648
 -26.202	  -7.111	  51.876	   0.179	2077.883
 -12.310	  50.223	  56.413	   0.306	3549.573
 -40.470	  49.686	 -43.602	   0.314	3641.294
 -53.481	 -19.144	 -18.401	   0.186	2160.976
  39.848	  39.354	   0.827	   0.164	1901.516
  71.834	 -73.484	  26.489	   0.588	6825.856
  11.988	  32.023	  18.358	   0.079	 912.936
 -57.764	  33.262	  39.919	   0.315	3658.874
 -25.055	  18.775	 -26.864	   0.089	1031.551
 -41.956	 -24.744	  20.252	   0.145	1686.633
  -3.832	 -44.157	 -48.305	   0.224	2604.986
 -44.112	 -91.110	 -54.465	   0.690	8008.642
 -25.481	  51.398	   3.128	   0.172	2000.663
   8.478	 -15.607	 -46.119	   0.128	1480.350
 -83.159	  14.021	  52.828	   0.517	6002.139
  -7.322	 -93.774	 -47.934	   0.582	6755.056
  22.437	 -30.985	  36.481	   0.146	1693.699
 -24.189	  18.039	  52.013	   0.189	2191.596
  16.482	 -22.531	 -10.106	   0.046	 534.239
  45.548	 -63.425	 -31.287	   0.370	4288.979
  -9.881	 -53.823	 -36.148	   0.225	2606.990
  -8.880	 -35.048	 -13.861	   0.078	 908.781
  66.522	 -58.462	  76.743	   0.717	8323.318
  60.071	-114.521	 -27.279	   0.912	10587.409
 -57.005	  36.498	 -37.046	   0.311	3608.817
  16.396	  74.209	  71.380	   0.568	6588.971
  29.023	  31.446	 -30.183	   0.143	1662.086
 -23.121	 -11.614	  68.094	   0.277	3216.208
 -52.356	 -21.541	 -28.584	   0.210	2437.937
 -13.886	  50.584	  17.889	   0.160	1861.749
  -3.387	 -71.150	 -46.201	   0.377	4369.099
 -26.200	  14.992	 -72.972	   0.326	3779.780
 -23.612	   3.562	 -36.769	   0.100	1165.058
  14.180	  55.277	   8.079	   0.174	2013.415
 -36.271	 -13.527	  21.535	   0.102	1189.356
  54.325	 -59.988	 -80.705	   0.682	7917.630
  -7.914	  66.048	  77.740	   0.547	6344.993
 -44.451	 -93.787	 -26.143	   0.598	6943.127
   1.066	 -18.460	  45.133	   0.124	1441.901
  26.149	 -49.856	 -29.586	   0.211	2451.561
  22.765	 -19.257	  46.321	   0.159	1839.382
 -32.954	 -27.665	   3.196	   0.097	1128.282
 -33.247	  12.345	 -22.942	   0.093	1081.378
 -53.993	  50.675	  25.036	   0.319	3703.335
 -48.423	  14.438	  68.705	   0.380	4408.644
 -64.191	 -11.409	  25.554	   0.256	2972.133
  30.019	 -13.197	  -7.005	   0.059	 681.503
 -56.720	 -47.414	  29.534	   0.331	3841.241
  15.781	 -94.954	  27.512	   0.523	6074.538
  -8.988	 -29.280	  34.442	   0.111	1287.556
  -7.485	 -68.685	  50.067	   0.380	4412.712
 -75.188	  56.422	 -46.014	   0.572	6639.315
  -0.355	  14.955	 -32.874	   0.068	 790.681
   5.802	  43.460	 -16.771	   0.115	1335.677
  10.674	  -0.967	  12.611	   0.014	 166.020
 -17.087	 -41.299	  19.288	   0.124	1436.251
 -36.072	  10.523	  11.039	   0.080	 929.644
  52.044	   7.281	  -4.044	   0.145	1683.737
  33.462	 -16.886	   3.635	   0.074	 859.487
 -30.536	 -36.928	 -11.014	   0.126	1465.202
 -33.477	  16.545	 -49.919	   0.203	2355.538
 -11.563	  10.303	  -4.222	   0.013	 156.178
 -37.632	 -65.659	  21.686	   0.324	3756.417
  30.013	 -50.289	  45.067	   0.285	3309.811
 -28.639	   6.126	 -74.317	   0.333	3867.430
  13.277	 -70.161	  23.410	   0.295	3422.647
  -2.777	  29.342	  19.769	   0.066	 763.361
  36.967	 -26.386	 -51.177	   0.245	2837.695
 -17.195	  70.221	  18.355	   0.291	3372.117
  15.142	  33.826	  21.698	   0.096	1117.863
  10.333	 -64.886	  48.067	   0.346	4016.946
  49.257	 -19.115	 -57.103	   0.316	3668.398
  72.118	 -10.702	   5.942	   0.279	3243.209
  19.058	 -51.960	 -51.107	   0.296	3439.683
 -26.440	 -31.794	  -8.332	   0.093	1078.498
 -20.441	  37.083	  49.555	   0.222	2575.161
 -50.780	  95.382	   9.491	   0.615	7131.788
  47.358	  -4.195	 -25.443	   0.152	1762.424
 -58.058	  16.934	  84.547	   0.564	6549.495
  10.683	  52.518	 -17.789	   0.167	1932.680
  31.926	  43.720	 -17.184	   0.168	1955.272
   0.312	  -2.131	  14.302	   0.011	 126.794
 -52.153	  64.355	 -30.271	   0.406	4714.276
 -77.408	 -62.741	  14.287	   0.529	6141.474
 -21.698	  55.732	  -1.798	   0.187	2169.928
  -9.969	 -18.383	 -28.693	   0.066	 764.063
  12.723	  17.211	  36.587	   0.094	1089.006
 -63.516	  10.985	  30.884	   0.267	3096.500
  65.203	 -39.014	  26.774	   0.339	3933.869
   0.084	   1.616	  32.258	   0.054	 632.292
 -64.755	  70.727	  63.667	   0.692	8030.424
 -68.922	  54.058	  63.230	   0.610	7073.675
 -29.058	  95.418	 -55.952	   0.683	7927.608
  20.773	  14.853	  51.873	   0.175	2026.178
  33.764	 -25.105	  24.230	   0.123	1428.799
  19.056	  10.330	 -65.382	   0.248	2875.801
  -3.447	 -58.342	  33.473	   0.237	2749.354
 -15.583	  84.554	  18.808	   0.405	4694.855
   8.246	 -25.145	 -48.336	   0.159	1840.524
  35.966	  21.290	 -44.484	   0.195	2258.160
  43.245	 -39.034	  37.859	   0.252	2925.770
  86.342	 -50.045	   1.838	   0.520	6038.507
   9.033	 -49.162	  18.650	   0.149	1725.167
  69.824	  62.544	  23.251	   0.487	5653.616
  14.366	 -18.533	-107.552	   0.633	7344.347
 -40.260	   5.966	 -11.166	   0.093	1079.559
  11.363	  72.501	   2.767	   0.282	3268.890
 -17.516	  -4.439	  49.076	   0.143	1657.682
  45.607	 -32.334	  11.997	   0.171	1981.659
  66.098	  23.372	 -15.671	   0.270	3128.013
 -56.190	  12.753	 -37.867	   0.248	2881.352
  -2.353	 -28.279	 -15.845	   0.055	 640.242
  44.875	 -25.528	 -19.801	   0.160	1853.197
  -5.785	   4.164	  54.396	   0.157	1824.233
  43.088	  -8.237	  29.194	   0.145	1682.996
 -18.945	 -36.935	  65.502	   0.314	3644.942
   1.846	  80.254	  57.444	   0.509	5905.847
  10.739	 -18.712	  17.624	   0.041	 470.391
  56.754	  47.059	 -38.774	   0.362	4205.797
 -44.979	 -75.266	  66.072	   0.630	7305.837
 -31.919	  69.911	 -14.676	   0.320	3710.440
  44.988	 -68.395	  82.605	   0.706	8197.931
  -1.358	   5.162	  29.474	   0.047	 543.789
 -33.965	  64.402	 -42.531	   0.371	4309.566
   3.068	 -95.420	  34.412	   0.538	6242.058
 -24.219	 -22.616	 -55.673	   0.219	2544.167
  -8.281	 -22.071	 -26.597	   0.066	 765.582
  22.628	 -70.968	  19.071	   0.309	3583.430
   7.009	 -55.563	  41.185	   0.252	2929.100
 -27.044	 -29.002	 -43.438	   0.181	2096.767
  59.341	   0.966	 -53.776	   0.335	3887.674
  32.320	  32.621	  20.316	   0.132	1528.272
  14.003	  -8.682	 -14.959	   0.026	 300.167
  -4.349	 104.238	  -2.043	   0.569	6599.709
  19.169	 -53.606	  -1.853	   0.169	1966.520
 -25.609	 -34.655	  -3.577	   0.098	1133.167
  49.097	  64.540	  20.747	   0.366	4246.628
 -27.845	 -14.835	  45.624	   0.161	1865.002
  59.017	  39.732	  49.774	   0.394	4569.507
  -4.013	 -11.773	  36.021	   0.076	 880.218
  62.259	  -7.892	 -19.814	   0.226	2625.104
  -8.185	  63.548	  10.594	   0.220	2556.287
   9.439	 -30.096	  22.779	   0.079	 917.490
 -34.843	 -19.740	   5.942	   0.086	 993.428
 -71.561	 -18.195	 -85.711	   0.668	7757.246
 -38.520	 -18.756	 -31.659	   0.148	1720.069
  -3.481	 -39.598	 -73.759	   0.367	4255.239
  -9.130	 -48.247	  63.638	   0.337	3916.042
 -20.429	  51.125	 -67.961	   0.400	4636.640
  17.437	   9.550	 -84.910	   0.397	4609.414
 104.263	 -20.068	 -76.338	   0.893	10365.042
   1.085	  67.473	  -4.054	   0.239	2770.048
 -32.597	  21.884	  31.468	   0.132	1534.488
 -30.407	  -2.465	 -14.510	   0.060	 691.684
 -79.816	  42.656	  -8.269	   0.431	5005.626
  30.856	 -18.097	 -71.105	   0.331	3839.982
 -37.162	 -41.345	  -7.668	   0.164	1908.737
 -25.519	  44.891	 -24.204	   0.170	1971.218
 -44.976	 -31.521	 -38.772	   0.236	2739.417
  -1.393	   7.571	 -13.245	   0.012	 142.246
   1.193	  -8.435	  11.846	   0.011	 129.037
 -18.674	  -9.219	-116.908	   0.737	8546.858
  26.176	 -16.911	  46.740	   0.165	1912.767
  -6.970	 -38.961	  -4.456	   0.083	 961.528
 -13.971	 -30.452	  44.419	   0.162	1876.221
  -8.751	  86.690	 -79.829	   0.729	8463.878
 -43.376	 -11.300	  66.399	   0.335	3890.010
 -11.083	 -10.823	 -12.862	   0.021	 245.707
  26.208	 -77.327	  -8.104	   0.352	4080.311
  43.699	 -70.317	  11.466	   0.365	4233.995
  74.006	  23.023	   4.882	   0.315	3655.277
 -44.803	  -2.544	  12.015	   0.113	1308.088
  -0.151	  34.729	 -43.376	   0.161	1871.448
 -19.801	  44.440	  57.835	   0.298	3462.063
 -15.910	 -18.496	 -13.852	   0.041	 477.075
  22.308	   4.559	 -73.788	   0.311	3614.326
 -44.229	  20.048	  -5.997	   0.125	1451.053
  14.025	  66.731	 -10.723	   0.249	2887.954
 -36.457	 -42.183	  13.112	   0.171	1988.310
  21.751	  31.122	 -12.937	   0.084	 975.239
   2.208	   2.330	 -30.044	   0.048	 553.343
  -1.797	  86.642	 -14.458	   0.403	4678.581
 -22.478	  91.356	  30.370	   0.510	5923.857
 -11.769	  50.219	  11.214	   0.146	1688.740
 -36.287	 -69.816	  49.499	   0.451	5237.553
  51.788	 -77.551	 -74.191	   0.742	8607.054
 -33.590	   9.875	 -33.557	   0.123	1425.515
 -55.701	 -18.291	  16.857	   0.194	2255.520
 -12.772	   5.227	  -3.468	   0.011	 122.725
  80.826	  21.922	 -89.232	   0.782	9077.003
  53.599	  15.884	  25.281	   0.197	2281.539
 -14.902	  -4.663	 -36.717	   0.083	 964.879
 -30.356	 -27.918	   0.059	   0.089	1030.948
 -67.823	 -17.843	 -13.021	   0.266	3083.807
 -95.557	 -15.361	 -39.822	   0.572	6638.615
  -9.742	   7.390	   0.924	   0.008	  91.138
 -56.899	  45.041	  13.668	   0.285	3305.122
  18.652	  58.035	  60.631	   0.386	4480.371
  42.892	 -29.506	  13.015	   0.150	1745.412
 -52.031	 -33.831	  -3.078	   0.202	2340.309
 -19.640	  19.091	 -17.143	   0.055	 632.841
 -20.765	   0.574	  42.671	   0.118	1365.162
 -33.600	  12.083	  -3.440	   0.067	 779.952
  -0.159	 -16.926	  -5.379	   0.016	 191.192
 -20.332	 -71.743	   4.406	   0.291	3382.005
  70.468	   4.819	  30.027	   0.308	3570.318
 -60.637	 -16.270	  40.454	   0.291	3380.899
  45.682	 -25.756	 -10.033	   0.149	1727.968
   9.351	 -22.602	 -29.668	   0.077	 896.112
 -22.841	 -11.808	  -4.070	   0.035	 410.771
  25.264	 -48.223	  34.956	   0.219	2536.987
 -24.307	 -20.069	 -70.437	   0.311	3609.359
   3.755	 -13.794	 110.991	   0.654	7590.595
  11.349	  59.659	  58.312	   0.370	4296.334
  70.945	 -21.048	 -36.880	   0.357	4143.560
  -3.228	  33.109	   9.630	   0.063	 726.931
  16.646	 -19.179	   8.335	   0.037	 433.020
 -25.275	 -54.987	 -52.568	   0.336	3894.736
  20.512	 -39.936	  39.941	   0.189	2188.601
  16.961	 -48.887	   8.236	   0.143	1664.055
  -0.420	  40.843	 -57.431	   0.259	3010.332
  -6.556	  51.561	  -2.676	   0.141	1641.734
 -56.831	  12.067	 -86.034	   0.563	6532.190
   9.103	 -46.757	  -8.429	   0.122	1418.380
  38.507	  -0.958	 -17.458	   0.093	1084.025
  27.781	  54.797	 -14.526	   0.208	2415.626
  50.708	   6.766	 -26.848	   0.174	2023.144
  -9.282	  57.690	 -30.167	   0.226	2621.039
 -37.467	  55.548	  34.545	   0.297	3444.339
 -54.091	   1.937	 -24.490	   0.184	2139.200
  55.291	  14.833	   3.982	   0.172	1995.908
 -35.405	  29.654	  24.373	   0.142	1652.812
  48.170	 -11.094	 -66.228	   0.357	4139.469
 -32.449	 -26.849	  14.594	   0.104	1204.179
  68.218	 -30.234	 -15.048	   0.303	3511.970
  25.829	 -23.302	 -17.409	   0.079	 917.136
  13.239	 -24.069	 -10.635	   0.045	 525.930
 -26.110	  -9.089	   4.525	   0.041	 475.683
   1.679	 -65.755	 -79.824	   0.559	6484.392
 -14.770	  26.882	  42.949	   0.145	1688.279
  12.822	  36.127	  14.758	   0.088	1022.701
 -66.057	 -58.766	  43.823	   0.509	5901.894
   8.338	 -37.064	 -35.305	   0.140	1630.256
  10.749	  60.209	  31.349	   0.247	2862.926
  32.143	 -65.442	  36.632	   0.348	4035.299
 -76.250	 -29.259	   5.507	   0.350	4061.260
 -21.148	   3.413	 -25.231	   0.057	 663.982
 125.544	 -36.051	  61.208	   1.087	12611.500
  -5.331	   2.535	  13.407	   0.011	 130.070
   5.494	   7.730	  60.846	   0.198	2298.492
 -15.637	   1.751	  12.859	   0.022	 250.297
  40.050	 -49.026	  16.271	   0.223	2589.493
  -9.799	  11.123	   1.532	   0.012	 134.606
 -62.488	 -37.793	  41.170	   0.367	4259.762
  47.248	  11.593	  -2.777	   0.124	1439.210
   8.937	  20.632	  50.246	   0.158	1836.645
  70.860	 -24.181	   3.256	   0.293	3404.201
  -4.064	 -25.190	  19.822	   0.055	 632.756
  -7.175	 -25.038	  29.719	   0.082	 946.516
   6.649	 -26.937	 -11.875	   0.048	 552.045
  29.569	  47.625	 -39.111	   0.244	2831.802
  20.882	  -9.013	  27.404	   0.066	 768.730
 -40.010	  -0.739	  17.357	   0.099	1153.181
  10.933	  39.395	  33.998	   0.148	1713.657
  54.989	   9.347	  47.668	   0.281	3262.963
  52.966	 102.369	 -77.979	   1.011	11737.672
  48.794	 -11.003	 -38.609	   0.209	2419.936
 -24.551	 -33.328	  84.513	   0.463	5367.634
  26.987	  10.461	 -20.434	   0.066	 760.826
 -36.736	 -37.096	  19.520	   0.162	1882.956
 -10.641	   4.394	 -87.384	   0.406	4708.602
 -19.830	  20.301	-104.868	   0.616	7153.661
  20.436	  24.608	  48.479	   0.176	2044.655
   2.017	  29.435	  17.616	   0.062	 715.702
  24.757	   8.508	   5.820	   0.038	 435.904
 -15.330	   3.355	 -19.129	   0.032	 371.051
  24.948	 -80.331	  25.937	   0.405	4696.321
  11.320	 -81.035	  10.993	   0.356	4131.059
  -2.676	  22.907	   7.092	   0.030	 352.871
 -43.663	  45.733	  44.941	   0.314	3647.378
 -49.863	 -17.863	 -49.232	   0.273	3169.502
  28.742	 -34.421	  24.354	   0.136	1578.322
 -13.588	 -32.290	  18.400	   0.082	 949.072
 -15.104	 -10.527	  42.030	   0.110	1276.166
 -75.458	 -11.090	  -3.937	   0.305	3535.104
  43.422	   7.259	   6.248	   0.103	1198.404
  60.560	  12.727	  34.368	   0.262	3037.002
 -16.791	 -24.251	  48.618	   0.169	1959.993
 -23.459	  23.911	-108.816	   0.677	7857.026
 -71.505	  -5.046	 -71.426	   0.535	6206.623
 -33.385	 -27.735	 -27.890	   0.139	1613.231
  13.677	 -45.856	  42.801	   0.215	2498.237
 -11.196	  18.068	 -15.308	   0.036	 415.868
 -29.272	   9.068	  29.177	   0.094	1085.147
 -35.241	 -59.167	 -21.010	   0.271	3142.091
  11.186	 -77.165	  29.262	   0.362	4203.875
 -35.174	 -64.509	 -17.826	   0.299	3464.718
  15.222	 -29.642	   3.002	   0.058	 678.469
  12.305	 -17.447	  99.246	   0.538	6246.303
  29.185	   7.056	  -4.556	   0.048	 559.024
   8.533	  27.075	 -22.932	   0.070	 807.180
   7.859	   3.874	  53.496	   0.153	1781.089
  24.058	   1.074	  28.159	   0.072	 832.115
   7.218	  22.951	 -16.818	   0.045	 522.282
  16.836	 -15.510	 -15.872	   0.041	 470.295
 -30.858	  -6.851	 -26.491	   0.089	1030.954
  10.215	  59.971	 -14.082	   0.204	2363.322
 -18.323	 -28.161	  19.704	   0.079	 919.484
  44.872	   7.602	  35.871	   0.175	2035.344
  66.017	 -40.659	  52.203	   0.456	5295.272
  37.731	 -17.196	 -22.423	   0.116	1346.866
  11.246	  33.330	 -33.311	   0.123	1422.505
  51.867	  23.979	 -36.581	   0.240	2790.132
   0.265	 -79.219	  -7.914	   0.331	3841.702
  15.242	 -10.624	 -10.195	   0.023	 272.218
 -24.314	 -12.849	  91.913	   0.481	5578.777
 -22.974	  64.588	  18.519	   0.263	3056.207
   6.755	  -2.136	  48.886	   0.127	1478.929
 -40.399	 -71.553	  89.561	   0.772	8954.123
  65.314	  -0.647	  80.740	   0.563	6537.058
  26.861	 -42.249	  23.832	   0.161	1863.446
 -22.378	 -26.104	  78.318	   0.382	4434.265
 -26.834	  20.884	  86.417	   0.450	5227.169
  30.689	 -32.887	 -33.697	   0.165	1914.571
 -22.665	  47.304	  19.480	   0.164	1897.609
   2.487	  27.414	  57.817	   0.214	2485.380
  18.566	   1.875	  -0.382	   0.018	 211.138
  38.515	 -73.974	  18.055	   0.380	4413.437
  11.123	 -15.281	 -17.023	   0.034	 392.170
 -14.783	  55.044	  18.088	   0.187	2167.154
  17.794	 -50.993	  52.888	   0.298	3463.363
 -43.797	 -78.221	 -16.369	   0.434	5033.572
  26.362	 -10.043	  35.202	   0.106	1233.429
   5.981	  18.103	  83.016	   0.379	4397.422
  26.954	  14.695	 -31.442	   0.101	1170.450
  20.568	 -90.335	   1.718	   0.448	5204.284
 -62.099	  50.773	 -22.907	   0.363	4217.881
  85.847	  13.091	 -33.283	   0.452	5242.121
  35.077	 -21.061	  38.813	   0.166	1927.645
 -14.159	  12.839	 -13.850	   0.029	 337.697
  33.361	  59.036	  42.697	   0.335	3891.925
 -49.940	 -13.077	  39.015	   0.219	2537.878
  -6.027	 -34.476	   5.433	   0.066	 760.344
 -26.412	 -40.538	   1.286	   0.122	1419.865
 -22.985	   1.749	  -4.133	   0.029	 332.411
  47.107	 -80.207	 -10.025	   0.457	5305.121
   3.180	 -58.437	 -64.411	   0.396	4590.541
  10.754	   0.239	  36.779	   0.077	 889.985
 -15.013	 -31.191	  62.429	   0.266	3088.522
  62.776	  66.295	  10.024	   0.441	5113.348
   9.204	   9.171	   5.195	   0.010	 118.682
-121.687	  25.519	 -21.664	   0.832	9654.216
  12.319	 -60.090	 -76.803	   0.505	5855.764
 -21.001	  26.554	 -44.201	   0.162	1878.894
   2.660	  21.561	 -77.383	   0.337	3915.512
  41.906	 -59.334	 -94.101	   0.738	8565.392
 -28.690	  25.869	 -57.568	   0.251	2913.167
 -25.600	  23.647	  27.786	   0.104	1204.108
   6.924	 -28.310	  34.239	   0.106	1225.379
  -2.277	  -0.614	 -22.163	   0.026	 301.078
  45.932	  39.609	 -16.097	   0.206	2386.728
  11.963	  -6.632	  42.027	   0.102	1183.953
 -20.419	 -57.633	  38.077	   0.271	3144.726
 -16.016	 -30.181	  31.221	   0.112	1298.378
  68.273	  32.357	  64.048	   0.512	5946.104
  49.488	  32.583	  63.838	   0.396	4597.965
  65.705	  31.458	  32.031	   0.331	3838.331
  -8.523	  -3.755	  35.929	   0.072	 834.987
  78.424	  15.110	  28.879	   0.377	4371.654
-128.704	  47.138	  56.595	   1.149	13328.111
  26.134	 -37.801	  -6.228	   0.112	1303.547
 -12.022	  14.712	 -26.138	   0.055	 632.868
  -0.280	  -3.160	  49.757	   0.130	1506.662
  -8.607	 -40.520	  45.951	   0.200	2319.846
  82.673	 -85.649	  65.215	   0.962	11166.734
  24.915	  -9.589	 -17.034	   0.052	 607.845
 -35.278	 -11.115	 -15.285	   0.084	 970.837
 -56.058	   1.916	  38.430	   0.241	2802.092
 -54.426	 -29.753	 -16.769	   0.216	2502.366
 -87.264	  47.377	  40.892	   0.602	6989.461
  61.654	  93.556	  36.038	   0.724	8396.294
 -66.133	  -1.198	  -4.989	   0.230	2666.828
  42.828	   9.250	   4.784	   0.101	1177.466
  29.169	 -30.464	  28.010	   0.134	1553.706
  11.386	 -49.831	 -28.521	   0.179	2076.642
   5.540	  -9.496	  31.986	   0.060	 693.368
   8.751	  34.597	 -37.413	   0.140	1620.283
  11.648	 -10.877	 -62.827	   0.219	2546.387
 -33.043	 -54.412	  85.991	   0.598	6938.125
   3.320	 -16.826	  11.249	   0.022	 254.990
  25.197	 -38.886	 -13.123	   0.121	1405.689
   7.901	 -13.827	 -32.174	   0.067	 781.147
 -29.406	   4.353	 -15.880	   0.059	 688.442
 -21.924	  32.505	  32.354	   0.135	1566.177
-111.290	  14.559	 -30.896	   0.708	8214.017
  29.423	 -96.943	  14.616	   0.547	6350.400
 -19.402	 -14.573	 -26.587	   0.068	 785.316
  -5.382	  86.477	 -28.801	   0.435	5052.923
 -26.141	  -5.782	  62.731	   0.243	2819.558
 -47.448	  17.623	 -26.728	   0.171	1985.795
 -58.725	 -63.413	  42.373	   0.484	5615.770
 -27.151	  -4.327	 -19.546	   0.059	 689.718
  11.100	 -38.396	  33.536	   0.142	1649.874
  16.497	 -31.288	 -32.869	   0.122	1413.097
   7.146	   9.801	  17.877	   0.024	 282.883
  17.434	  39.625	 -23.400	   0.126	1467.772
 -37.842	  16.399	 -39.807	   0.172	1991.418
 -25.113	  18.530	 -35.573	   0.117	1357.383
  28.604	   8.299	  14.571	   0.057	 666.321
  35.664	  43.535	  53.764	   0.316	3671.685
 -13.080	  32.194	 -50.907	   0.198	2302.636
 -24.327	  -6.527	 105.612	   0.616	7144.995
  63.914	 -26.155	  14.910	   0.261	3025.346
 -43.871	 -50.472	  -3.591	   0.234	2718.384
  10.256	  30.250	   4.370	   0.054	 629.974
 -41.329	  40.806	 -26.813	   0.214	2480.275
  29.110	 -24.123	 -65.539	   0.299	3469.780
  30.376	  96.492	   2.542	   0.535	6206.447
  17.918	  -2.708	  10.457	   0.023	 265.320
  -1.067	 -38.367	  33.355	   0.135	1567.223
  61.618	 -10.663	  20.698	   0.227	2629.872
 -35.832	 -13.589	 -38.372	   0.154	1782.590
  10.922	 -37.125	  -3.519	   0.079	 915.191
 -66.015	  12.891	   2.856	   0.237	2747.067
 -11.550	 -42.644	   7.998	   0.105	1221.824
  75.893	 -35.876	  52.470	   0.512	5939.786
  33.291	  -7.743	  67.714	   0.301	3487.255
  37.257	  29.737	 -71.654	   0.387	4489.221
  19.718	 -15.515	  75.084	   0.327	3798.572
  48.868	 -41.129	   9.011	   0.217	2521.947
 -74.314	   1.137	 -38.110	   0.364	4228.345
 -48.335	 -21.343	 -14.474	   0.157	1819.104
  10.683	  26.360	 -18.319	   0.060	 693.730
  -9.741	 -58.552	 -27.596	   0.224	2597.046
  37.604	  34.763	 -10.247	   0.142	1653.211
 -14.981	  19.465	 -70.212	   0.289	3353.618
 -36.493	  37.517	  15.654	   0.156	1808.840
  22.351	 -60.302	  15.386	   0.228	2650.288
 -17.771	   6.222	 -30.386	   0.067	 774.498
 -27.390	  -8.406	 -48.005	   0.163	1894.323
  16.535	  22.536	   4.003	   0.042	 483.241
   9.599	  10.038	 -60.591	   0.202	2342.087
  46.081	   7.461	  63.136	   0.322	3736.853
 -20.343	 -38.737	 -59.826	   0.287	3329.675
  14.403	  26.443	  48.141	   0.168	1954.235
  55.519	  16.042	   3.596	   0.175	2032.087
  18.992	  18.000	   9.291	   0.040	 467.319
  24.567	  51.806	  -3.622	   0.172	2000.500
 -12.117	  20.223	  13.137	   0.038	 441.472
  33.288	  27.426	  18.049	   0.114	1324.976
  37.875	  18.169	  50.795	   0.227	2633.426
 -20.026	  28.749	  -4.420	   0.065	 755.879
  38.233	 -66.179	  80.547	   0.644	7472.909
  27.849	 -56.180	  25.053	   0.238	2763.557
  52.309	  27.459	  -0.806	   0.182	2115.830
  22.110	 -77.187	 -22.754	   0.364	4221.189
   1.807	 -73.546	  -6.967	   0.285	3309.870
  -6.791	  -4.665	 -19.455	   0.023	 270.549
  58.566	  -1.367	  -2.843	   0.180	2084.944
  -0.660	 -48.973	  43.626	   0.225	2607.515
  19.544	 -58.223	   5.417	   0.199	2303.994
   1.940	-127.804	  31.996	   0.907	10522.907
  20.521	  60.765	  45.411	   0.323	3743.122
  47.778	 -12.001	  -2.628	   0.127	1475.091
 -20.446	 -40.360	 -30.490	   0.155	1804.144
  14.877	 -40.200	 -82.631	   0.453	5252.093
 -63.924	 -63.542	  23.315	   0.453	5253.490
 -63.196	 -34.275	 -13.051	   0.279	3235.947
  39.968	 -54.497	 -11.136	   0.245	2843.464
  49.032	  -8.997	  24.492	   0.161	1869.819
 -32.742	  34.425	  -2.427	   0.118	1371.638
  48.882	 -32.563	  18.157	   0.197	2290.789
 -11.970	 -38.619	 -42.318	   0.179	2076.243
 -93.079	 -41.902	 -67.102	   0.779	9044.478
  42.503	   7.422	 -27.064	   0.135	1572.278
  44.335	 101.523	  71.402	   0.907	10528.572
  40.677	 -16.430	 -61.128	   0.296	3431.311
  50.492	 -17.754	 -20.039	   0.171	1979.683
  62.157	 -56.100	 -25.372	   0.400	4639.454
  -3.325	  -9.267	 -18.056	   0.022	 256.347
 -39.334	  -5.927	 -49.384	   0.210	2437.230
 -14.339	  -7.916	  -2.166	   0.014	 165.445
  57.996	  71.112	   7.035	   0.442	5133.668
  -7.273	   5.574	 -21.084	   0.028	 320.336
  30.613	 -49.942	 -12.604	   0.188	2176.047
 -42.228	  26.866	 -53.265	   0.279	3237.927
 -14.095	  -0.060	 -23.906	   0.040	 466.797
  69.664	  87.653	 -50.196	   0.786	9125.484
  44.199	  40.729	 -41.911	   0.280	3254.205
 -57.208	 -30.616	  15.324	   0.232	2694.133
  11.329	  53.481	 -33.253	   0.214	2481.613
  -1.007	  -5.368	  10.401	   0.007	  83.657
   7.935	 -50.145	-128.445	   0.996	11561.979
 -36.129	  26.151	  19.616	   0.124	1438.867
  48.800	  20.190	  34.072	   0.206	2394.158
 -55.114	  38.796	  47.088	   0.353	4097.227
  -8.297	   5.060	  58.838	   0.186	2155.563
  69.670	 -61.408	 -10.381	   0.456	5292.922
 -18.491	 -84.542	  63.028	   0.599	6947.134
 -87.498	  34.275	  26.917	   0.499	5791.438
  -0.326	-139.651	 -14.283	   1.029	11944.313
  38.730	  18.238	  32.526	   0.151	1752.010
  35.796	  20.586	  35.590	   0.155	1801.220
  -8.253	  37.581	   0.388	   0.077	 897.419
 -38.353	 -38.312	 -50.346	   0.286	3317.527
  -2.125	  13.420	 -52.087	   0.151	1756.275
  13.327	  24.237	 -83.420	   0.403	4681.574
  77.878	 -43.452	  33.000	   0.472	5480.424
 -49.205	 -76.823	  26.635	   0.472	5474.640
  54.876	-107.944	 -71.875	   1.036	12018.755
 -46.060	 -79.977	  -2.493	   0.445	5166.444
