-1.21277	0	24,8,6
-0.373944	-1.21277	23,8,7
0.26458	-1.58671	23,9,7
0.169481	-1.32213	23,10,6
0.12749	-1.15265	23,11,6
-0.139856	-1.02516	24,12,6
-0.083011	-1.16502	25,13,6
0.081688	-1.24803	26,14,6
0.139082	-1.16634	27,14,7
0.181565	-1.02726	28,15,6
0.249949	-0.845695	27,16,6
0.006568	-0.595746	27,17,5
0.061191	-0.589178	28,18,5
0.323012	-0.527987	29,18,5
0.381899	-0.204975	30,19,5
0.224337	0.176924	31,20,5
0.086411	0.401261	32,21,5
0.192062	0.487672	33,21,6
0.253387	0.679734	34,22,7
0.211684	0.933121	35,23,6
0.264278	1.14481	36,23,6
0.262876	1.40908	37,22,6
-0.01269	1.67196	38,22,5
0.072417	1.65927	38,23,5
0.213464	1.73169	39,24,5
-0.058608	1.94515	39,25,5
0.112412	1.88654	40,26,5
0.227148	1.99895	41,27,5
0.188971	2.2261	42,28,5
0.21201	2.41507	42,29,6
0.263787	2.62708	41,30,6
0.520083	2.89087	40,30,6
0.323192	3.41095	39,31,5
0.379205	3.73415	38,31,5
0.0295	4.11335	37,32,4
0.367075	4.14285	36,32,4
0.608641	4.50992	35,33,4
0.30714	5.11857	35,34,4
0.475124	5.42571	35,35,5
-0.016526	5.90083	34,36,4
-0.041773	5.8843	33,36,4
0.020715	5.84253	33,37,4
0.394739	5.86325	32,38,5
0.087318	6.25799	31,39,5
-0.06588	6.3453	30,39,5
0.102193	6.27942	29,40,5
0.405618	6.38162	28,39,6
0.250036	6.78723	28,38,7
0.108418	7.03727	27,37,8
-0.031482	7.14569	27,36,9
-0.333961	7.11421	26,35,10
-0.839329	6.78025	26,34,10
0.452979	5.94092	25,34,9
-0.209651	6.3939	26,33,8
0.205743	6.18424	26,33,7
0.188643	6.38999	25,34,6
0.049162	6.57863	24,33,5
0.258719	6.62779	23,32,5
0.296337	6.88651	22,32,5
0.285213	7.18285	21,31,5
-0.059987	7.46806	21,30,4
0.263315	7.40807	20,29,4
0.018774	7.67139	20,28,4
0.032301	7.69016	19,27,4
-0.046765	7.72246	18,26,4
-0.067688	7.6757	17,25,4
0.041942	7.60801	16,25,4
0.324522	7.64995	15,25,5
0.13773	7.97448	14,24,6
0.19248	8.11221	13,24,6
0.394329	8.30469	12,24,5
0.073822	8.69901	12,25,4
0.403688	8.77284	12,26,4
0.262609	9.17653	11,27,3
0.262655	9.43913	10,28,3
0.060957	9.70179	9,29,3
-0.051744	9.76275	8,30,4
0.223685	9.711	8,31,5
0.043751	9.93469	8,32,4
0.124096	9.97844	8,33,5
0.339815	10.1025	9,34,5
0.026683	10.4423	8,35,5
0.006923	10.469	8,36,6
-0.052846	10.476	9,37,6
0.240456	10.4231	10,38,6
0.107284	10.6636	9,39,6
0.221081	10.7708	10,40,6
0.276376	10.9919	11,41,6
0.351314	11.2683	12,42,6
0.294943	11.6196	13,0,6
-0.004554	11.9146	14,0,5
0.010542	11.91	15,1,4
0.324524	11.9205	16,0,5
0.356525	12.2451	17,1,5
0.13396	12.6016	18,2,5
0.606773	12.7356	19,1,4
0.593236	13.3423	19,0,4
0.413188	13.9356	19,42,4
0.20273	14.3488	20,41,4
0.123702	14.5515	21,42,3
0.259946	14.6752	22,0,3
0.304624	14.9351	23,0,3
0.391894	15.2398	24,0,3
0.515446	15.6317	25,0,3
0.538497	16.1471	26,0,3
0.637297	16.6856	27,1,3
0.208368	17.3229	28,0,3
0.018413	17.5313	29,1,2
0.324223	17.5497	30,1,3
0.018802	17.8739	31,1,2
0.299103	17.8927	32,2,3
0.204488	18.1918	33,1,4
0.485354	18.3963	34,2,5
0.161337	18.8816	35,2,5
0.265882	19.043	36,3,6
0.151385	19.3089	37,4,6
-0.131672	19.4602	38,5,5
-0.070528	19.3286	38,6,5
0.095646	19.258	39,7,5
0.120855	19.3537	40,7,5
0.015833	19.4746	41,8,5
0.032288	19.4904	42,8,6
0.456333	19.5227	0,7,6
0.295694	19.979	1,7,5
0.261189	20.2747	2,6,5
0.096451	20.5359	3,5,6
0.398548	20.6323	4,4,5
0.087633	21.0309	4,3,4
0.087369	21.1185	4,2,4
0.181881	21.2059	5,1,4
0.171588	21.3878	6,0,4
0.273882	21.5594	7,1,4
0.165433	21.8332	8,2,4
0.206418	21.9987	8,3,4
0.511334	22.2051	7,4,4
0.005029	22.7164	6,5,3
0.381371	22.7215	7,6,4
0.14892	23.1028	7,7,4
0.078121	23.2517	8,8,4
0.194533	23.3299	8,9,4
0.162619	23.5244	7,10,4
0.147563	23.687	7,11,4
0.017161	23.8346	7,12,4
-0.159029	23.8517	6,13,4
-0.121722	23.6927	6,14,4
0.232986	23.571	7,15,5
0.247718	23.804	8,16,5
0.372156	24.0517	7,17,5
0.418379	24.4239	7,18,5
0.398676	24.8422	6,19,4
0.476449	25.2409	6,20,4
0.316353	25.7174	6,21,4
0.482785	26.0337	5,22,4
0.42781	26.5165	4,21,3
0.517474	26.9443	3,20,3
0.644056	27.4618	2,20,3
0.626963	28.1058	1,20,3
0.425869	28.7328	0,20,3
0.14176	29.1587	42,19,3
0.066651	29.3004	41,19,3
0.060102	29.3671	40,18,3
0.318562	29.4272	39,18,3
0.131713	29.7457	38,19,3
-0.013972	29.8775	38,20,3
-0.022882	29.8635	37,20,3
0.376482	29.8406	36,19,3
0.294857	30.2171	35,19,3
0.313347	30.5119	34,19,4
0.00015	30.8253	33,19,3
-0.012989	30.8254	32,18,3
-0.039201	30.8124	31,17,3
0.03801	30.7732	31,16,3
0.123419	30.8113	30,15,4
0.288475	30.9347	30,14,4
0.063669	31.2232	29,13,3
0.040978	31.2868	29,12,3
0.393732	31.3278	28,11,4
0.172192	31.7215	27,11,4
0.378188	31.8937	26,10,4
0.203081	32.2719	25,10,4
0.020626	32.475	24,11,4
-0.028939	32.4956	24,12,4
-0.158911	32.4667	23,13,4
-0.077608	32.3078	23,14,4
-0.010821	32.2302	23,15,4
-0.030045	32.2193	22,14,4
0.2898	32.1893	21,15,4
0.325	32.4791	21,16,4
0.324694	32.8041	20,17,4
0.562679	33.1288	19,18,5
0.571356	33.6915	18,19,5
0.424916	34.2628	18,20,4
0.475829	34.6877	17,21,4
-0.077421	35.1636	18,22,3
-0.053508	35.0861	19,22,3
0.029921	35.0326	20,23,3
0.147011	35.0626	21,22,3
0.092141	35.2096	22,21,3
0.062967	35.3017	23,22,3
0.005695	35.3647	24,23,3
0.412447	35.3704	25,23,4
0.165534	35.7828	26,24,3
0.309076	35.9484	27,25,3
0.412042	36.2574	27,26,3
0.032835	36.6695	26,27,2
0.281444	36.7023	26,28,3
0.439121	36.9837	27,29,3
0.282069	37.4229	26,30,3
0.288806	37.7049	25,31,4
-0.012624	37.9937	25,32,3
0.019425	37.9811	26,33,3
0.10715	38.0005	27,34,3
-0.033281	38.1077	27,35,3
-0.022082	38.0744	28,36,3
-0.020992	38.0523	29,37,3
-0.007184	38.0313	30,38,3
0.002132	38.0242	30,37,3
0.005714	38.0263	29,36,3
-0.022082	38.032	28,36,3
-0.020992	38.0099	29,37,3
-0.007184	37.9889	30,38,3
0.002132	37.9818	30,37,3
0.005714	37.9839	29,36,3
-0.022082	37.9896	28,36,3
-0.020992	37.9675	29,37,3
0.005714	37.9465	29,36,3
-0.022082	37.9522	28,36,3
-0.020992	37.9302	29,37,3
-0.007184	37.9092	30,38,3
0.002132	37.902	30,37,3
0.005714	37.9041	29,36,3
-0.022082	37.9098	28,36,3
-0.020992	37.8877	29,37,3
-0.007184	37.8667	30,38,3
0.002132	37.8596	30,37,3
0.005714	37.8617	29,36,3
-0.022082	37.8674	28,36,3
-0.020992	37.8453	29,37,3
-0.007184	37.8243	30,38,3
-0.038438	37.8172	31,39,3
-0.061303	37.7787	31,40,3
-0.041429	37.7174	30,39,3
-0.028774	37.676	29,38,3
-0.020992	37.6472	29,37,3
-0.007184	37.6262	30,38,3
-0.038438	37.619	31,39,3
-0.061303	37.5806	31,40,3
-0.006945	37.5193	32,39,3
-0.001855	37.5124	33,39,3
-0.029275	37.5105	34,39,3
0.380428	37.4812	35,39,4
0.132907	37.8617	36,40,3
0.060892	37.9946	36,41,3
0.034931	38.0555	37,42,3
0.115453	38.0904	38,41,3
0.425401	38.2058	39,41,4
0.052678	38.6312	40,42,3
0.179811	38.6839	41,0,4
0.335869	38.8637	41,42,5
0.573391	39.1996	42,41,5
0.394885	39.773	0,40,4
0.308273	40.1679	1,39,4
0.274149	40.4761	2,39,4
0.284635	40.7503	3,38,4
0.345597	41.0349	2,37,4
0.402509	41.3805	1,36,4
0.213054	41.783	2,35,3
0.282192	41.9961	3,34,3
0.252985	42.2783	4,33,3
0.503677	42.5313	3,32,3
0.296002	43.0349	4,31,3
0.114071	43.3309	4,30,3
0.395826	43.445	3,29,4
0.189703	43.8408	2,28,4
0.283677	44.0305	1,27,4
0.26278	44.3142	2,26,3
0.54392	44.577	3,26,3
0.605296	45.1209	4,26,3
0.402732	45.7262	5,25,2
0.434344	46.1289	6,26,2
0.481052	46.5633	7,26,2
-0.008258	47.0443	8,26,1
0.259385	47.0361	9,25,2
-0.017239	47.2955	10,24,1
0.073156	47.2782	9,23,2
-0.046393	47.3514	9,22,2
-0.015026	47.305	10,21,2
0.018803	47.29	10,20,2
0.026865	47.3088	11,19,2
0.259383	47.3356	12,18,2
0.197418	47.595	12,17,2
0.001576	47.7924	11,16,2
0.000676	47.794	11,15,2
0.240004	47.7947	11,14,3
0.039839	48.0347	11,13,3
0.080658	48.0745	12,12,3
0.101159	48.1552	13,12,3
0.00861	48.2563	14,11,3
0.374698	48.2649	15,11,4
0.300811	48.6396	16,11,4
0.418053	48.9405	17,12,4
0.465756	49.3585	17,13,3
0.524906	49.8243	18,14,3
0.673548	50.3492	18,15,3
0.274173	51.0227	17,16,2
0.305249	51.2969	16,15,2
0.290464	51.6021	15,15,2
-0.057509	51.8926	14,15,1
-0.005676	51.8351	14,14,1
0.016005	51.8294	15,13,1
-0.037831	51.8454	16,12,1
-0.001634	51.8076	16,13,1
-0.038205	51.806	17,12,1
-0.012493	51.7678	18,12,1
0.003725	51.7553	19,11,2
-0.007171	51.759	20,10,2
0.017285	51.7518	21,9,3
0.246895	51.7691	21,8,4
0.23716	52.016	20,7,4
-0.005033	52.2532	19,6,3
0.159281	52.2481	20,5,3
0.403025	52.4074	21,4,3
0.253574	52.8104	20,3,3
0.153345	53.064	19,3,3
0.035053	53.2174	18,3,3
-0.027646	53.2524	17,2,3
-0.001357	53.2248	17,2,2
0.004631	53.2234	17,1,3
-0.015161	53.228	16,0,2
-0.004728	53.2129	15,42,2
-0.002817	53.2081	14,41,2
0.045762	53.2053	13,40,2
0.02948	53.2511	12,39,3
0.097563	53.2806	12,38,3
0.255923	53.3781	11,37,4
0.256618	53.6341	10,36,3
0.159604	53.8907	9,35,3
0.439291	54.0503	9,34,3
-0.004116	54.4896	8,33,2
-0.030636	54.4855	8,32,2
-0.030338	54.4548	7,32,2
-0.004116	54.4245	8,33,2
0.269659	54.4204	9,34,1
0.048372	54.69	9,35,1
-0.003654	54.7384	8,36,1
-0.014082	54.7347	8,37,1
0.016096	54.7207	9,38,1
-0.013555	54.7368	9,39,1
-0.028836	54.7232	8,40,1
-0.005778	54.6944	7,41,2
-0.015732	54.6886	6,42,2
-0.010988	54.6729	5,0,2
-0.012528	54.6619	4,0,2
-0.002312	54.6493	3,1,2
0.084982	54.647	2,1,3
0.001012	54.732	1,1,2
0.02359	54.733	0,2,3
-0.03674	54.7566	42,2,3
-0.085738	54.7199	42,2,2
0.013808	54.6341	41,2,1
0.005663	54.6479	40,1,1
-0.028623	54.6536	39,0,1
0.001947	54.625	39,1,2
-0.020164	54.6269	39,2,2
-0.00566	54.6068	38,2,2
0.001947	54.6011	39,1,2
-0.020164	54.6031	39,2,2
-0.01729	54.5829	39,3,2
-0.00566	54.5656	38,2,2
-0.028493	54.5599	37,2,2
-0.023394	54.5314	36,2,2
-0.015876	54.5081	36,1,2
0.002085	54.4922	37,1,2
-0.00566	54.4943	38,2,2
-0.028493	54.4886	37,2,2
0.02222	54.4601	38,1,2
-0.020164	54.4823	39,2,2
-0.01729	54.4622	39,3,2
-0.00566	54.4449	38,2,2
-0.020164	54.4392	39,2,2
0.001947	54.4191	39,1,2
-0.00566	54.421	38,2,2
0.002085	54.4153	37,1,2
-0.015876	54.4174	36,1,2
-0.023394	54.4015	36,2,2
-0.028493	54.3782	37,2,2
-0.015876	54.3497	36,1,2
-0.023394	54.3338	36,2,2
-0.028493	54.3104	37,2,2
-0.015876	54.2819	36,1,2
-0.023394	54.266	36,2,2
0.002085	54.2426	37,1,2
-0.015876	54.2447	36,1,2
-0.023394	54.2288	36,2,2
0.006642	54.2054	35,2,2
-0.062465	54.2121	34,3,2
-0.068366	54.1496	33,4,2
0.175843	54.0812	32,4,2
0.289132	54.2571	31,4,2
0.262267	54.5462	30,3,2
0.505794	54.8085	29,4,2
0.638491	55.3143	28,4,2
0.023017	55.9528	27,4,1
0.024458	55.9758	28,5,0
