-1.21277	0	4,4,6
-0.373944	-1.21277	3,4,7
0.091873	-1.58671	2,4,6
0.352149	-1.49484	1,5,6
-0.028525	-1.14269	1,6,5
0.022086	-1.17122	0,5,5
0.603125	-1.14913	7,6,4
0.378188	-0.546006	6,6,4
0.166883	-0.167818	5,5,3
-0.020258	-0.000934944	4,6,3
0.060893	-0.0211929	3,5,3
-0.000657	0.0397001	2,5,3
-0.029252	0.0390431	1,4,3
-0.000795	0.00979105	0,4,3
0.017285	0.00899605	1,5,3
-0.000657	0.0262811	2,5,3
-0.029252	0.0256241	1,4,3
-0.008391	-0.00362794	0,3,3
-0.000795	-0.0120189	0,4,3
-0.029252	-0.0128139	1,4,3
-0.008391	-0.0420659	0,3,3
0.328312	-0.0504569	7,4,2
-0.013385	0.277855	7,3,1
-0.018801	0.26447	0,4,1
-0.005618	0.245669	0,3,1
0.007849	0.240051	7,2,1
-0.002222	0.2479	7,1,0
